SkillID	SkillNameID	MSV_SrcCheck	MSV_TarCheck	MSV_SkillType	MSV_SkillAttr	MSV_BaseSkillID	MSV_TriggerType	MSV_TriggerCheck	MSV_TriggerNotify	MSV_TriggerDataID	MSV_TriggerValue	MSV_TriggerProbability	MSV_SpellLogic	MSV_SpellParam1	MSV_SpellParam2	MSV_SpellParam3	MSV_CastType	MSV_TarType	MSV_Range	MSV_SlipDis	MSV_DodgeTime	MSV_LockTime	MSV_LastTime	MSV_CDGroup	MSV_CDTime	MSV_CostType1	MSV_CostValue1	MSV_CostType2	MSV_CostValue2	MSV_LauncherLogic	MSV_LauncherParam1	MSV_LauncherParam2	MSV_LauncherParam3	MSV_ProjectileLogic	MSV_ProjectileTime	MSV_ProjectileSpeed	MSV_ProjectileEffectTime	MSV_ProjectileEffectCount	MSV_ProjectileParam1	MSV_ProjectileParam2	MSV_ProjectileParam3	MSV_ProjectileEffectID	MSV_ProjectileDieEffectID	MSV_ProjectileTimeOutEffectID	MSV_ProjectileFly1EffectID	MSV_ProjectileFly2EffectID	MSV_AreaLogic	MSV_AreaTarCheck	MSV_AreaFilter	MSV_AreaTarCnt	MSV_AreaParam1	MSV_AreaParam2	MSV_AreaParam3	MSV_EffectDelayTime	MSV_EffectTime	MSV_EffectCount	MSV_EffectType	MSV_EffectLogic	MSV_EffectParam1	MSV_EffectParam2	MSV_EffectParam3	MSV_EffectCalculation	MSV_EffectTransform	MSV_EffectBeatBack	MSV_BeaBackSrcCond	MSV_BeatBackTarCond	MSV_BeatBackType	MSV_BeatBackDir	MSV_BeatBackOffsetDis	MSV_BeatBackFixedDis	MSV_BeatBackMoveTime	MSV_BeatBackLifeTime	MSV_SkillDis	MSV_SkillMoveDir	MSV_SkillMoveStartTime	MSV_SkillMoveEndTime	MSV_AnimID	MSV_WeaponID	MSV_CombatPerformanceID	MSV_CombatPerformanceTimes	MSV_EndureLevel	MSV_CombatWarningID
int32	int32	int32	int32	int32	int32	int32	int32	int32	int32	int32	int32	int32	int32	int32	int32	int32	int32	int32	f32	f32	int32	int32	int32	int32	int32	int32	int32	int32	int32	int32	int32	int32	int32	int32	int32	f32	int32	int32	int32	int32	int32	int32	int32	int32	int32	int32	int32	int32	int32	int32	int32	int32	int32	int32	int32	int32	int32	int32	int32	int32	int32	int32	int32	int32	int32	int32	int32	int32	f32	f32	int32	int32	f32	int32	int32	int32	int32	int32	int32	int32	int32	int32
101	500101	102	0	3	524289	0	0	0	0	0	0	0	10006	100204	2000	-1	0	1	5	0	0	0	2000	-1	0	0	0	0	0	1	0	0	0	0	0	0	0	0	0	0	0	0	0	0	0	0	1	0	0	1	0	0	0	0	0	1	0	0	0	0	0	126	0	-1	0	0	0	0	0	0	0	0	0	0	0	0	0	0	2001	1	0	0
5001	505001	0	0	4	0	0	0	0	0	0	0	0	20003	0	0	0	0	1	0	0	0	0	0	-1	0	0	0	0	0	1	0	0	0	0	0	0	0	0	0	0	0	0	0	0	0	0	1	0	0	0	0	0	0	0	0	1	512	0	0	0	0	126	0	-1	0	0	0	0	0	0	0	0	0	0	0	0	0	0	-1	0	0	0
5002	505002	102	0	2	655360	0	0	0	0	0	0	0	10001	-1	-1	-1	0	8	3	2	0	400	700	-1	0	0	0	0	0	1	0	0	0	0	0	0	0	0	0	0	0	0	0	0	0	0	3	6	0	3	1	30	10	0	200	1	1	1	0	0	0	126	0	1	0	0	0	1	0.5	-1	700	700	0.5	0	0	0	100101	51	1001	1	1	0
5003	505003	102	0	2	655360	5002	0	0	0	0	0	0	10001	-1	-1	-1	0	8	3	2	0	500	800	-1	0	0	0	0	0	1	0	0	0	0	0	0	0	0	0	0	0	0	0	0	0	0	3	6	0	3	1	30	10	0	200	1	1	1	0	0	0	126	0	1	0	0	0	1	0.5	-1	700	700	0.5	0	0	0	100102	51	1002	1	1	0
5004	505004	102	0	2	655360	5002	0	0	0	0	0	0	10001	-1	-1	-1	0	8	3	2	0	700	1000	-1	0	0	0	0	0	1	0	0	0	0	0	0	0	0	0	0	0	0	0	0	0	0	3	6	0	3	1	30	10	0	200	1	1	1	0	0	0	126	0	1	0	0	0	1	1	-1	700	700	1	0	0	0	100103	51	1003	1	1	0
5006	505006	102	0	2	528640	0	0	0	0	0	0	0	10001	-1	-1	-1	0	8	0	0	0	500	1900	5006	0	0	0	0	0	2	0	0	0	1	900	11	0	0	0	0	0	0	0	0	0	0	0	0	0	0	0	0	0	0	200	1	1024	0	0	0	0	126	0	-1	0	0	0	0	0	0	0	0	10	0	0	0	100104	51	-1	0	2	0
5007	505007	0	0	12	0	0	11	2050	4	5006	0	1000	30001	0	0	0	0	4	0	0	0	0	0	-1	0	0	0	0	0	1	0	0	0	0	0	0	0	0	0	0	0	0	0	0	0	0	2	0	0	4	50	0	0	0	0	1	1	1	0	0	0	126	0	-1	0	0	0	0	0	0	0	0	0	0	0	0	0	0	100	3	0	0
5008	505008	102	0	2	524288	0	0	0	0	0	0	0	10001	-1	-1	-1	0	1	0	0	0	500	1100	5008	0	0	0	0	0	1	0	0	0	0	0	0	0	0	0	0	0	0	0	0	0	0	1	0	0	1	0	0	0	0	200	1	512	4	5008	1	1	126	0	-1	0	0	0	0	0	0	0	0	0	0	0	0	100105	0	-1	0	2	0
5009	505009	102	0	2	2097152	0	0	0	0	0	0	0	10001	-1	-1	-1	0	1	0	0	0	500	967	-1	0	0	0	0	0	1	0	0	0	0	0	0	0	0	0	0	0	0	0	0	0	0	1	0	0	1	0	0	0	0	200	1	512	4	5010	1	1	126	0	-1	0	0	0	0	0	0	0	0	0	0	0	0	100106	0	-1	0	10	0
5011	505011	102	0	2	2097153	5009	0	0	0	0	0	0	10005	1000	3	100107	2	1	0	0	0	500	967	5011	0	0	0	0	0	1	0	0	0	0	0	0	0	0	0	0	0	0	0	0	0	0	1	0	0	1	0	0	0	0	0	1	512	3	0	0	0	126	0	-1	0	0	0	0	0	0	0	0	0	0	0	0	100106	0	-1	0	10	0
5012	505012	0	0	12	0	0	1	2050	1	5006	0	1000	30001	-1	-1	-1	0	1	0	0	0	0	0	-1	0	0	0	0	0	1	0	0	0	0	0	0	0	0	0	0	0	0	0	0	0	0	1	0	0	1	0	0	0	0	200	1	512	4	5009	1	1	126	0	-1	0	0	0	0	0	0	0	0	0	0	0	0	0	0	-1	0	0	0
5013	505013	0	0	28	0	0	3	1052673	1	0	0	1000	30001	0	0	0	0	2	0	0	0	0	0	-1	0	0	0	0	0	1	0	0	0	0	0	0	0	0	0	0	0	0	0	0	0	0	1	0	0	1	0	0	0	0	0	1	1024	4	5014	1	1	126	0	-1	0	0	0	0	0	0	0	0	0	0	0	0	0	0	-1	0	0	0
5014	505014	102	0	2	524288	0	0	0	0	0	0	0	10001	0	0	0	0	1	10	0	0	1233	1533	-1	0	0	0	0	0	1	0	0	0	0	0	0	0	0	0	0	0	0	0	0	0	0	2	5	0	4	100	0	0	0	300	1	512	4	5015	1	1	126	0	-1	0	0	0	0	0	0	0	0	0	0	0	0	100108	1001	1004	1	3	0
5101	505101	0	0	4	0	0	0	0	0	0	0	0	20002	1	2000	600	0	1	0	0	0	0	0	-1	0	0	0	0	0	1	0	0	0	0	0	0	0	0	0	0	0	0	0	0	0	0	1	0	0	1	0	0	0	0	0	1	528	4	5101	1	1	126	0	-1	0	0	0	0	0	0	0	0	0	0	0	0	0	0	-1	0	0	0
5102	505102	102	0	2	589824	0	0	0	0	0	0	0	10001	-1	-1	-1	0	2	20	0	0	500	1000	-1	0	0	0	0	0	1	0	0	0	0	0	0	0	0	0	0	0	0	0	0	0	0	1	6	0	1	0	0	0	0	250	1	1	1	10	1	1	126	0	-1	0	0	0	0	0	0	0	0	0	0	0	0	100201	2	100	3	1	0
5103	505103	0	0	4	0	0	0	0	0	0	0	0	20002	0	2000	600	0	1	0	0	0	0	0	-1	0	0	0	0	0	1	0	0	0	0	0	0	0	0	0	0	0	0	0	0	0	0	1	0	0	1	0	0	0	0	0	1	528	4	5103	1	1	126	0	-1	0	0	0	0	0	0	0	0	0	0	0	0	0	0	-1	0	0	0
5106	505106	102	0	2	524288	0	0	0	0	0	0	0	10001	-1	-1	-1	0	1	0	0	0	700	1000	5106	0	0	0	0	0	1	0	0	0	0	0	0	0	0	0	0	0	0	0	0	0	0	1	0	0	1	0	0	0	0	300	1	528	4	5106	1	1	126	0	-1	0	0	0	0	0	0	0	0	0	0	0	0	100203	0	-1	0	2	0
5107	505107	102	0	2	524289	0	0	0	0	0	0	0	10002	100204	2000	-1	0	8	20	0	0	0	2000	5107	0	0	0	0	0	1	0	0	0	0	0	0	0	0	0	0	0	0	0	0	0	0	1	0	0	1	0	0	0	0	0	1	17	1	0	0	0	126	0	-1	0	0	0	0	0	0	0	0	0	0	0	0	100204	9	2001	1	2	0
5108	505108	102	0	2	2104068	0	0	0	0	0	0	0	10001	-1	-1	-1	0	4	0	0	0	2700	3100	5108	0	0	0	0	0	2	0	0	0	3	15000	0	300	0	0	0	0	7006	0	0	0	0	2	10	0	1	30	0	0	0	1000	1	528	4	5108	1	1	126	0	-1	0	0	0	0	0	0	0	0	0	0	0	0	100205	0	-1	0	10	0
5110	505110	0	0	28	0	0	3	1052673	1	0	0	1000	30001	0	0	0	0	2	0	0	0	0	0	-1	0	0	0	0	0	1	0	0	0	0	0	0	0	0	0	0	0	0	0	0	0	0	1	0	0	1	0	0	0	0	0	1	1024	4	5111	1	1	126	0	-1	0	0	0	0	0	0	0	0	0	0	0	0	0	0	-1	0	0	0
5111	505110	102	0	2	524288	0	0	0	0	0	0	0	10001	0	0	0	0	1	10	0	0	1367	1667	-1	0	0	0	0	0	1	0	0	0	0	0	0	0	0	0	0	0	0	0	0	0	0	2	5	0	4	100	0	0	0	300	1	512	4	5112	1	1	126	0	-1	0	0	0	0	0	0	0	0	0	0	0	0	100206	9	200	1	3	0
5112	505112	0	0	12	0	5108	2	2050	2	5108	0	1000	30001	-1	-1	-1	0	1	0	0	0	0	0	-1	0	0	0	0	0	1	0	0	0	0	0	0	0	0	0	0	0	0	0	0	0	0	1	0	0	1	0	0	0	0	0	1	0	3	0	0	0	126	0	-1	0	0	0	0	0	0	0	0	0	0	0	0	0	0	-1	0	0	0
5201	505201	0	0	4	0	0	0	0	0	0	0	0	20003	-1	-1	-1	0	1	0	0	0	500	1000	-1	0	0	0	0	0	1	0	0	0	0	0	0	0	0	0	0	0	0	0	0	0	0	1	0	0	1	0	100	30	0	250	1	512	0	0	0	0	126	0	-1	0	0	0	0	0	0	0	0	0	0	0	0	0	0	-1	0	0	0
5202	505202	102	0	2	589824	0	0	0	0	0	0	0	10001	-1	-1	-1	0	3	10	0	0	400	1000	-1	0	0	0	0	0	1	0	0	0	0	0	0	0	0	0	0	0	0	0	0	0	0	1	6	0	1	0	0	0	0	250	1	1	1	0	0	0	126	0	0	0	0	0	3	0	0	500	500	0	0	0	0	100201	4	100	3	1	0
5203	505203	102	0	2	528384	0	0	0	0	0	0	0	10001	-1	-1	-1	0	4	20	0	0	500	1000	5203	0	0	0	0	0	2	33	0	0	4	1000	15	0	0	0	300	200	4001	0	0	0	0	1	6	0	0	0	0	0	0	200	1	0	0	0	0	0	126	0	-1	0	0	0	0	0	0	0	0	0	0	0	0	100302	13	3001	1	2	0
5204	505204	0	0	12	9728	5206	11	2050	4	5203	0	1000	30001	0	0	0	0	4	0	0	0	0	0	-1	0	0	0	0	0	2	0	0	0	3	300	0	200	3	0	0	0	2003	0	0	0	0	2	6	0	3	50	0	45	0	0	1	1	1	0	0	0	126	0	-1	0	0	0	0	0	0	0	0	0	0	0	0	0	0	3001	1	2	0
5205	505205	0	0	12	9732	5206	11	2050	4	5203	0	1000	30001	0	0	0	0	4	0	0	0	0	0	-1	0	0	0	0	0	2	0	0	0	3	300	0	200	5	0	0	0	2003	0	0	0	0	2	5	0	5	50	0	45	0	0	1	2	2	0	0	0	126	0	-1	0	0	0	0	0	0	0	0	0	0	0	0	0	0	-1	0	0	0
5206	505206	0	0	12	9732	5206	11	2050	4	5203	0	1000	30001	0	0	0	0	4	0	0	0	0	0	-1	0	0	0	0	0	2	0	0	0	3	5000	0	500	15	0	0	0	5001	0	0	0	0	2	5	0	5	50	0	45	0	0	1	2	2	0	0	0	126	0	-1	0	0	0	0	0	0	0	0	0	0	0	0	0	0	-1	0	0	0
5207	505207	102	0	2	533508	0	0	0	0	0	0	0	10001	-1	-1	-1	0	1	20	0	0	700	1000	5206	0	0	0	0	0	2	0	0	0	3	400	0	300	1	1	300	200	5006	0	0	0	0	2	5	1	1	50	0	45	0	800	1	2	2	0	0	0	126	0	-1	0	0	0	0	0	0	0	0	0	0	0	0	100105	0	3002	1	2	0
5208	505208	102	0	2	524292	5207	0	0	0	0	0	0	10001	-1	-1	-1	1	1	20	0	0	700	1000	5207	0	0	0	0	0	1	0	0	0	0	0	0	0	0	0	0	0	0	0	0	0	0	2	5	1	3	50	0	45	0	880	1	514	4	5208	1	1	126	0	-1	0	0	0	0	0	0	0	0	0	0	0	0	100105	0	-1	0	2	0
5209	505209	102	0	2	2097152	0	0	0	0	0	0	0	10001	-1	-1	-1	0	1	0	0	0	2700	3000	5209	0	0	0	0	0	1	0	0	0	0	0	0	0	0	0	0	0	0	0	0	0	0	1	0	0	1	0	0	0	0	2500	1	528	4	5209	1	1	126	0	-1	0	0	0	0	0	0	0	0	0	0	0	0	100304	0	-1	0	10	0
5210	505210	0	0	16	4	0	0	0	0	0	0	0	20001	-1	-1	-1	0	1	20	0	0	0	15000	-1	0	0	0	0	0	1	0	0	0	0	0	0	0	0	0	0	0	0	0	0	0	0	1	0	0	1	0	0	0	0	3000	5	2	2	0	0	0	126	0	-1	0	0	0	0	0	0	0	0	0	0	0	0	0	0	-1	0	0	0
5211	505211	102	0	2	524288	0	0	0	0	0	0	0	10001	0	0	0	0	1	10	0	0	1300	1600	-1	0	0	0	0	0	1	0	0	0	0	0	0	0	0	0	0	0	0	0	0	0	0	2	5	0	4	100	0	0	0	300	1	512	4	5210	1	1	126	0	-1	0	0	0	0	0	0	0	0	0	0	0	0	100305	13	200	1	3	0
5401	505401	0	0	12	0	0	3	1044	0	1	0	100	30001	-1	-1	-1	0	1	0	0	0	0	0	5401	0	0	0	0	0	1	0	0	0	0	0	0	0	0	0	0	0	0	0	0	0	0	1	0	0	1	0	0	0	0	0	1	512	13	5	1	-1	126	0	-1	0	0	0	0	0	0	0	0	0	0	0	0	0	0	-1	0	0	0
5402	505402	102	0	2	524288	0	0	0	0	0	0	0	10001	-1	-1	-1	0	1	0	0	0	400	700	-1	0	0	0	0	0	1	0	0	0	0	0	0	0	0	0	0	0	0	0	0	0	0	1	0	0	1	0	0	0	0	0	1	1	1	0	0	0	126	0	-1	0	0	0	0	0	0	0	0	0.5685	0	0	0	100510	17	1001	1	3	0
5403	505403	102	0	2	655360	0	0	0	0	0	0	0	10001	-1	-1	-1	0	8	4	0	0	433	433	-1	0	0	0	0	0	1	0	0	0	0	0	0	0	0	0	0	0	0	0	0	0	0	3	6	0	4	1	40	60	0	100	1	1	1	0	0	0	126	0	-1	0	0	0	0	0	0	0	0	1.00667	0	0	0	100501	17	1001	1	1	0
5404	505404	102	0	2	655360	5403	0	0	0	0	0	0	10001	-1	-1	-1	0	8	4	0	0	533	533	-1	0	0	0	0	0	1	0	0	0	0	0	0	0	0	0	0	0	0	0	0	0	0	3	6	0	4	1	40	60	0	100	1	1	1	0	0	0	126	0	-1	0	0	0	0	0	0	0	0	0.7047	0	0	0	100502	17	1001	1	1	0
5405	505405	102	0	2	655360	5403	0	0	0	0	0	0	10001	-1	-1	-1	0	8	4	0	0	1900	1900	-1	0	0	0	0	0	1	0	0	0	0	0	0	0	0	0	0	0	0	0	0	0	0	3	6	0	4	1	40	60	0	300	1	1	1	0	0	0	126	0	-1	0	0	0	0	0	0	0	0	0.80081	0	0	0	100503	17	1001	1	1	0
5406	505406	102	0	2	655360	0	0	0	0	0	0	0	10001	-1	-1	-1	0	8	4	0	0	1250	2533	-1	0	0	0	0	0	1	0	0	0	0	0	0	0	0	0	0	0	0	0	0	0	0	3	6	0	4	1	40	60	0	300	4	1	1	0	0	0	126	0	-1	0	0	0	0	0	0	0	0	0.94511	0	0	0	100507	17	1001	1	1	0
5407	505407	102	0	2	655360	0	0	0	0	0	0	0	10001	-1	-1	-1	0	8	4	0	0	1782	3433	-1	0	0	0	0	0	1	0	0	0	0	0	0	0	0	0	0	0	0	0	0	0	0	3	6	0	4	1	40	60	0	750	1	1	1	0	0	0	126	0	-1	0	0	0	0	0	0	0	0	2.08212	0	0	0	100508	17	1001	1	1	0
5408	505408	102	0	2	655616	0	0	0	0	0	0	0	10001	-1	-1	-1	0	8	4	0	0	1333	2333	5408	0	0	0	0	0	1	0	0	0	0	0	0	0	0	0	0	0	0	0	0	0	0	3	6	0	4	1	40	60	0	500	1	1	1	0	0	0	126	0	-1	0	0	0	0	0	0	0	0	6.4684	0	0	0	100509	17	1001	1	2	0
5409	505409	0	0	12	0	5409	3	2050	1	5408	0	1000	30001	0	0	0	0	4	0	0	0	0	0	-1	0	0	0	0	0	1	0	0	0	0	0	0	0	0	0	0	0	0	0	0	0	0	3	6	0	4	1	40	60	0	0	1	1	4	5409	1	1	126	0	-1	0	0	0	0	0	0	0	0	0	0	0	0	0	0	-1	0	0	0
5410	505410	0	0	12	0	5409	3	2050	1	5408	0	1000	30001	0	0	0	0	1	0	0	0	0	0	-1	0	0	0	0	0	1	0	0	0	0	0	0	0	0	0	0	0	0	0	0	0	0	1	0	0	1	0	0	0	0	0	1	1	13	5	1	-1	126	0	-1	0	0	0	0	0	0	0	0	0	0	0	0	0	0	-1	0	0	0
5411	505411	102	0	2	524288	0	0	0	0	0	0	0	10001	-1	-1	-1	0	1	5	0	0	0	0	5411	0	0	0	0	0	1	0	0	0	0	0	0	0	0	0	0	0	0	0	0	0	0	2	6	0	4	50	0	0	800	300	5	1	1	0	0	0	126	0	-1	0	0	0	0	0	0	0	0	0	0	0	0	100511	17	1001	1	2	0
5412	505412	0	0	12	0	5411	1	2050	1	5411	0	1000	30001	0	0	0	0	1	0	0	0	0	0	-1	0	0	0	0	0	1	0	0	0	0	0	0	0	0	0	0	0	0	0	0	0	0	1	0	0	1	0	0	0	0	0	1	512	13	5	3	-1	126	0	-1	0	0	0	0	0	0	0	0	0	0	0	0	0	0	-1	0	0	0
5413	505413	102	0	2	524288	0	0	0	0	0	0	0	10001	-1	-1	-1	0	1	5	0	0	0	0	5413	0	0	0	0	0	1	0	0	0	0	0	0	0	0	0	0	0	0	0	0	0	0	2	6	0	4	50	0	0	800	300	5	1	1	0	0	0	126	0	-1	0	0	0	0	0	0	0	0	0	0	0	0	100511	17	1001	1	2	0
5414	505414	0	0	12	0	5413	1	2050	1	5413	0	1000	30001	0	0	0	0	1	0	0	0	0	0	-1	0	0	0	0	0	1	0	0	0	0	0	0	0	0	0	0	0	0	0	0	0	0	1	0	0	1	0	0	0	0	0	1	512	4	5414	1	1	126	0	-1	0	0	0	0	0	0	0	0	0	0	0	0	0	0	-1	0	0	0
5415	505415	102	0	2	2228224	0	0	0	0	0	0	0	10001	-1	-1	-1	0	8	6	0	0	300	300	5415	0	3	-1	0	0	1	0	0	0	0	0	0	0	0	0	0	0	0	0	0	0	0	3	6	0	4	1	60	120	0	200	1	1	1	0	0	0	126	0	-1	0	0	0	0	0	-1	0	0	0.74209	0	0	0	100504	17	1001	1	10	0
5416	505416	102	0	2	2228224	5415	0	0	0	0	0	0	10001	-1	-1	-1	0	8	6	0	0	667	667	-1	0	0	0	0	0	1	0	0	0	0	0	0	0	0	0	0	0	0	0	0	0	0	3	6	0	4	1	60	120	0	200	1	1	1	0	0	0	126	0	-1	0	0	0	0	0	-1	0	0	0.18258	0	0	0	100505	17	1001	1	10	0
5417	505417	102	0	2	2228224	5415	0	0	0	0	0	0	10001	-1	-1	-1	0	8	6	0	0	2933	3233	-1	0	0	0	0	0	1	0	0	0	0	0	0	0	0	0	0	0	0	0	0	0	0	3	6	0	4	1	60	120	0	200	1	1	1	0	0	0	126	0	-1	0	0	0	0	0	-1	0	0	1.60436	0	0	0	100506	17	1001	1	10	0
5418	505418	0	0	28	0	0	0	0	0	0	0	0	30001	0	0	0	0	1	0	0	0	0	0	-1	0	0	0	0	0	1	0	0	0	0	0	0	0	0	0	0	0	0	0	0	0	0	1	0	0	1	0	0	0	0	3000	5	512	13	5	1	-1	126	0	-1	0	0	0	0	0	0	0	0	0	0	0	0	0	0	-1	0	0	0
5501	505501	11	0	12	0	0	7	1024	13	0	0	1000	30001	-1	-1	-1	0	1	0	0	0	0	0	-1	0	0	0	0	0	1	0	0	0	0	0	0	0	0	0	0	0	0	0	0	0	0	1	0	0	1	0	0	0	0	0	1	8192	2	0	0	0	126	0	-1	0	0	0	0	0	0	0	0	0	0	0	0	0	0	-1	0	0	0
5502	505502	102	0	2	524288	0	0	0	0	0	0	0	10001	-1	-1	-1	0	1	0	0	0	400	700	-1	0	0	0	0	0	1	0	0	0	0	0	0	0	0	0	0	0	0	0	0	0	0	1	0	0	1	0	0	0	0	0	1	1	1	0	0	0	126	0	-1	0	0	0	0	0	0	0	0	0	0	0	0	100605	18	1001	1	3	0
5503	505503	102	0	2	524288	0	0	0	0	0	0	0	10001	-1	-1	-1	0	8	4	0	0	600	800	-1	0	0	0	0	0	1	0	0	0	0	0	0	0	0	0	0	0	0	0	0	0	0	5	6	0	2	1	40	10	0	100	1	1	1	0	0	0	126	0	-1	0	0	0	0	0	0	0	0	0.76932	0	0	0	100601	18	1001	1	1	0
5504	505504	102	0	2	524288	5503	0	0	0	0	0	0	10001	-1	-1	-1	0	8	4	0	0	600	800	-1	0	0	0	0	0	1	0	0	0	0	0	0	0	0	0	0	0	0	0	0	0	0	5	6	0	2	1	40	10	0	100	1	1	1	0	0	0	126	0	-1	0	0	0	0	0	0	0	0	0.15531	0	0	0	100602	18	1001	1	1	0
5505	505505	102	0	2	524288	5503	0	0	0	0	0	0	10001	-1	-1	-1	0	8	4	0	0	1400	1600	-1	0	0	0	0	0	1	0	0	0	0	0	0	0	0	0	0	0	0	0	0	0	0	5	6	0	2	1	40	10	0	100	1	1	1	0	0	0	126	0	-1	0	0	0	0	0	0	0	0	0	0	0	0	100603	18	1001	1	1	0
5506	505506	102	0	2	524288	5503	0	0	0	0	0	0	10001	-1	-1	-1	0	8	4	0	0	1100	1300	-1	0	0	0	0	0	1	0	0	0	0	0	0	0	0	0	0	0	0	0	0	0	0	5	6	0	2	1	40	10	0	100	1	1	1	0	0	0	126	0	-1	0	0	0	0	0	0	0	0	0	0	0	0	100604	18	1001	1	1	0
5507	505507	102	0	2	524544	0	0	0	0	0	0	0	10001	-1	-1	-1	0	8	6	0	0	2200	2400	5507	0	0	0	0	0	1	0	0	0	0	0	0	0	0	0	0	0	0	0	0	0	0	3	6	0	4	1	60	120	450	150	6	1	1	0	0	0	126	0	-1	0	0	0	0	0	0	0	0	0	0	0	0	100606	18	6001	1	1	0
5508	505508	0	0	12	0	5507	1	2050	1	5507	0	1000	30001	-1	-1	-1	0	2	0	0	0	0	0	-1	0	0	0	0	0	1	0	0	0	0	0	0	0	0	0	0	0	0	0	0	0	0	3	6	0	4	1	60	120	0	0	1	1024	4	5508	1	1	126	0	-1	0	0	0	0	0	0	0	0	0	0	0	0	0	18	-1	0	1	0
5509	505509	0	0	12	0	5507	1	2050	1	5507	0	1000	30001	-1	-1	-1	0	1	0	0	0	0	0	-1	0	0	0	0	0	1	0	0	0	0	0	0	0	0	0	0	0	0	0	0	0	0	1	0	0	1	0	0	0	0	0	1	514	15	0	0	0	126	5509	-1	0	0	0	0	0	0	0	0	0	0	0	0	0	18	-1	0	1	0
5510	505510	102	0	2	2098176	0	0	0	0	0	0	0	10001	-1	-1	-1	0	2	10	0	0	2250	2700	5510	0	0	0	0	0	2	0	0	0	1	3000	6	0	1	0	0	0	4014	0	0	0	0	1	0	0	0	0	0	0	0	0	1	514	15	0	0	0	126	5510	-1	0	0	0	0	0	0	0	0	0	0	0	0	100608	18	1001	1	1	0
5511	505511	102	0	2	2097408	0	0	0	0	0	0	0	10001	-1	-1	-1	0	1	0	0	0	1480	1800	5511	0	0	0	0	0	1	0	0	0	0	0	0	0	0	0	0	0	0	0	0	0	0	1	0	0	0	0	0	0	0	810	1	514	15	0	0	0	126	5511	-1	0	0	0	0	0	0	0	0	0	0	0	0	100607	18	1001	1	1	0
5512	505512	0	0	12	0	5501	1	2050	1	5501	0	1000	30001	-1	-1	-1	0	1	0	0	0	0	0	-1	0	0	0	0	0	1	0	0	0	0	0	0	0	0	0	0	0	0	0	0	0	0	1	0	0	0	0	0	0	0	0	1	1024	4	5512	1	1	126	0	-1	0	0	0	0	0	0	0	0	0	0	0	0	0	18	-1	0	1	0
5513	505513	0	0	12	0	5511	1	2050	1	5511	0	1000	30001	-1	-1	-1	0	1	0	0	0	0	0	-1	0	0	0	0	0	1	0	0	0	0	0	0	0	0	0	0	0	0	0	0	0	0	1	0	0	0	0	0	0	0	0	1	512	4	5513	1	1	126	0	-1	0	0	0	0	0	0	0	0	0	0	0	0	0	18	-1	0	1	0
5601	505601	0	0	4	0	0	13	1024	0	0	0	0	20003	0	0	0	0	1	0	0	0	0	0	-1	0	0	0	0	0	1	0	0	0	0	0	0	0	0	0	0	0	0	0	0	0	0	1	0	0	0	0	0	0	0	0	1	512	0	0	0	0	126	0	-1	0	0	0	0	0	0	0	0	0	0	0	0	0	0	-1	0	0	0
5602	505602	102	0	2	589824	0	0	0	0	0	0	0	10001	0	0	0	0	3	15	0	0	1221	2433	-1	0	0	0	0	0	1	0	0	0	0	0	0	0	0	0	0	0	0	0	0	0	0	1	6	0	1	0	0	0	0	0	1	1	1	0	0	0	126	0	-1	0	0	0	0	0	0	0	0	0	0	0	0	100201	13	100	3	1	0
5603	505603	102	0	2	529408	0	0	0	0	0	0	0	10001	0	0	0	0	2	15	0	0	2233	2233	5603	0	0	0	0	0	2	0	0	0	1	1500	10	0	0	0	0	0	4006	2009	2009	0	0	1	6	0	1	0	0	0	0	540	1	1	1	0	0	0	126	0	-1	0	0	0	0	0	0	0	0	0	0	0	0	100705	13	7001	3	2	0
5604	505604	0	0	12	8192	5603	11	2050	2	5603	0	1000	30001	0	0	0	0	8	10	0	0	0	0	-1	0	0	0	0	0	3	3	6	60	1	500	10	0	0	0	0	0	4006	2009	2009	0	0	2	6	0	1	5	0	0	0	0	1	1	1	0	0	0	126	0	-1	0	0	0	0	0	0	0	0	0	0	0	0	0	0	7001	3	2	0
5605	505605	102	0	2	524288	0	0	0	0	0	0	0	10001	0	0	0	0	2	15	0	0	2500	2500	5605	0	0	0	0	0	2	0	0	0	1	5000	5	0	0	0	0	0	4015	2019	2009	0	0	2	6	0	1	60	0	0	0	780	1	1	1	0	0	0	126	0	-1	0	0	0	0	0	0	0	0	0	0	0	0	100703	13	7001	3	2	0
5606	505606	0	0	2	524288	5605	0	0	0	0	0	0	10001	0	0	0	0	1	15	0	0	0	0	-1	0	0	0	0	0	1	0	0	0	0	0	0	0	0	0	0	0	0	0	0	0	0	1	0	0	1	0	0	0	0	0	1	1	3	0	0	0	126	0	-1	0	0	0	0	0	0	0	0	0	0	0	0	0	0	7001	3	2	0
5607	505607	102	0	2	2100224	0	0	0	0	0	0	0	10001	0	0	0	0	8	15	0	0	3500	3500	5607	0	0	0	0	0	2	0	0	0	1	5000	3	700	0	0	0	0	0	0	0	0	0	1	6	0	0	0	0	0	0	0	1	0	0	0	0	0	126	0	-1	0	0	0	0	0	0	0	0	0	0	0	0	100704	0	-1	0	10	0
5609	505609	0	0	12	8192	5607	11	2050	1	5607	0	1000	10001	0	0	0	0	1	5	0	0	0	0	-1	0	0	0	0	0	2	0	0	0	3	800	0	750	3	0	0	0	4006	2009	2009	0	0	2	6	0	3	25	0	0	0	0	1	1	1	0	0	0	126	0	-1	0	0	0	0	0	0	0	0	0	0	0	0	0	0	7001	3	2	0
5608	505608	102	0	2	524288	0	0	0	0	0	0	0	10001	0	0	0	0	1	10	0	0	1500	1500	-1	0	0	0	0	0	1	0	0	0	0	0	0	0	0	0	0	0	0	0	0	0	0	1	6	0	1	0	0	0	0	300	1	1	1	0	0	0	126	0	-1	0	0	0	0	0	0	0	0	1.03914	1	0	0	100702	13	-1	0	3	0
5701	505701	0	0	4	0	0	0	0	0	0	0	0	30003	2	3	30	0	1	15	0	0	0	0	-1	0	0	0	0	0	1	0	0	0	0	0	0	0	0	0	0	0	0	0	0	0	0	1	0	0	1	0	100	30	0	0	1	512	0	0	0	0	126	0	-1	0	0	0	0	0	0	0	0	0	0	0	0	0	0	-1	0	0	0
5702	505702	102	0	2	524288	0	0	0	0	0	0	0	10001	-1	-1	-1	0	1	0	0	0	1300	1300	5702	0	0	0	0	0	1	0	0	0	0	0	0	0	0	0	0	0	0	0	0	0	0	1	0	0	1	0	0	0	0	0	1	512	4	5702	1	1	126	0	-1	0	0	0	0	0	0	0	0	0	0	0	0	100803	15	-1	0	2	0
5703	505703	0	0	16	4	5702	0	0	0	0	0	0	10001	-1	-1	-1	0	1	15	0	0	0	0	-1	0	0	0	0	0	1	0	0	0	0	0	0	0	0	0	0	0	0	0	0	0	0	2	5	0	4	150	0	0	0	2000	-1	2	2	0	0	0	126	0	-1	0	0	0	0	0	0	0	0	0	0	0	0	0	0	-1	0	0	0
5704	505704	102	0	2	524288	0	0	0	0	0	0	0	10001	-1	-1	-1	0	2	15	0	0	1300	1300	5704	0	0	0	0	0	1	0	0	0	0	0	0	0	0	0	0	0	0	0	0	0	0	1	2	0	1	0	0	0	0	400	-1	262144	14	1	1	1	126	0	-1	0	0	0	0	0	0	0	0	0	0	0	0	100804	15	8002	0	2	0
5705	505705	102	0	2	2097152	0	0	0	0	0	0	0	10003	100204	-1	-1	0	1	15	0	0	9000	9000	5705	0	0	0	0	0	1	0	0	0	0	0	0	0	0	0	0	0	0	0	0	0	0	2	5	0	5	150	0	0	0	1000	10	2	2	0	0	0	126	0	-1	0	0	0	0	0	0	0	0	0	0	0	0	100805	15	-1	0	10	0
5706	505706	102	0	2	524288	0	0	0	0	0	0	0	10001	0	0	0	0	1	10	0	0	2000	2000	-1	0	0	0	0	0	1	0	0	0	0	0	0	0	0	0	0	0	0	0	0	0	0	2	6	0	4	100	0	0	0	300	1	1	1	0	0	0	126	0	-1	0	0	0	0	0	0	0	0	0	0	0	0	100801	15	-1	0	3	0
5707	505707	102	0	2	524289	0	0	0	0	0	0	0	10001	-1	-1	-1	0	3	10	0	0	1667	1667	-1	0	0	0	0	0	1	0	0	0	0	0	0	0	0	0	0	0	0	0	0	0	0	1	6	0	1	0	0	0	0	250	1	1	1	10	1	1	126	0	-1	0	0	0	0	0	0	0	0	0	0	0	0	100802	15	8001	2	1	0
15001	515001	0	0	12	0	0	3	20	0	1	0	500	30001	-1	-1	-1	0	2	20	0	0	0	0	-1	0	0	0	0	0	1	0	0	0	0	0	0	0	0	0	0	0	0	0	0	0	0	1	0	0	1	0	0	0	0	0	1	1024	4	15001	1	1	126	0	-1	0	0	0	0	0	0	0	0	0	0	0	0	0	0	-1	0	0	0
15002	515002	102	0	2	524544	0	0	0	0	0	0	0	10001	-1	-1	-1	0	3	20	0	0	300	600	-1	0	0	0	0	0	1	-1	-1	-1	0	0	0	0	0	0	0	0	0	0	0	0	0	1	6	0	1	0	0	0	0	200	1	17	1	10	1	1	126	0	-1	0	0	0	0	0	0	0	0	0.1	0	0	0	110101	7	101001	1	1	0
15003	515003	102	0	2	524544	15002	0	0	0	0	0	0	10001	-1	-1	-1	0	3	20	0	0	300	567	-1	0	0	0	0	0	1	-1	-1	-1	0	0	0	0	0	0	0	0	0	0	0	0	0	1	6	0	1	0	0	0	0	250	1	17	1	10	1	1	126	0	-1	0	0	0	0	0	0	0	0	0.1	0	0	0	110102	7	101002	1	1	0
15004	515004	102	0	2	524544	15002	0	0	0	0	0	0	10001	-1	-1	-1	0	3	20	0	0	750	1000	-1	0	0	0	0	0	1	-1	-1	-1	0	0	0	0	0	0	0	0	0	0	0	0	0	1	6	0	1	0	0	0	0	600	1	17	1	10	1	1	126	0	-1	0	0	0	0	0	0	0	0	0.3	1	0	0	110103	7	101003	2	1	0
15010	515010	102	0	2	524544	0	9	0	0	0	0	0	10001	-1	-1	-1	0	8	0	0	0	300	800	15010	0	0	0	0	0	1	-1	-1	-1	0	0	0	0	0	0	0	0	0	0	0	0	0	0	0	0	0	0	0	0	0	100	1	0	0	0	0	0	126	0	-1	0	0	0	0	0	0	0	0	5	0	0	0	110104	10	-1	0	2	0
15011	515011	0	0	8	0	0	1	2050	1	15010	0	1000	30001	-1	-1	-1	0	1	0	0	0	0	0	-1	0	0	0	0	0	1	-1	-1	-1	0	0	0	0	0	0	0	0	0	0	0	0	0	1	0	0	1	0	0	0	0	0	1	528	4	15011	1	1	126	0	-1	0	0	0	0	0	0	0	0	0	0	0	0	0	0	-1	0	0	0
15013	515013	0	0	24	32	0	3	20	0	1	0	1000	30001	-1	-1	-1	0	1	0	0	0	0	0	-1	0	0	0	0	0	1	-1	-1	-1	0	0	0	0	0	0	0	0	0	0	0	0	0	1	0	0	1	0	0	0	0	0	1	528	11	10001	5001	0	126	0	-1	0	0	0	0	0	0	0	0	0	0	0	0	0	0	-1	0	0	0
15020	515020	102	0	2	524288	0	0	0	0	0	0	0	10001	-1	-1	-1	0	8	0	0	0	300	667	15020	0	-1	-1	-1	-1	1	-1	-1	-1	0	0	0	0	0	0	0	0	0	0	0	0	0	5	6	0	4	1	150	50	0	200	1	1	1	0	0	0	126	0	-1	0	0	0	0	0	0	0	0	0	0	0	0	110107	7	101004	1	2	0
15021	515021	102	0	2	524289	15020	0	0	0	0	0	0	10005	500	4	110105	2	8	0	0	0	300	667	15021	0	-1	-1	-1	-1	1	-1	-1	-1	0	0	0	0	0	0	0	0	0	0	0	0	0	5	6	0	4	1	150	80	0	200	1	1	1	0	0	0	126	0	-1	0	0	0	0	0	0	0	0	0	0	0	0	110106	7	101004	1	2	0
15030	515030	102	0	2	2097408	0	0	0	0	0	0	0	10001	0	0	0	0	8	0	0	0	1000	1833	15030	0	-1	-1	-1	-1	1	-1	-1	-1	0	0	0	0	0	0	0	0	0	0	0	0	0	2	6	0	4	50	0	0	0	200	1	17	1	10	0	0	126	0	0	0	0	0	1	-1	7	1000	2000	0	0	0	0	110108	10	101005	3	10	0
15031	515031	0	0	8	0	0	1	2050	1	15030	0	1000	30001	-1	-1	-1	0	1	0	0	0	1000	1833	-1	0	-1	-1	-1	-1	1	-1	-1	-1	0	0	0	0	0	0	0	0	0	0	0	0	0	1	0	0	1	0	0	0	0	200	1	528	4	15031	1	1	126	0	-1	0	0	0	0	0	0	0	0	0	0	0	0	0	10	101005	3	0	0
15032	515032	102	0	2	524288	0	0	0	0	0	0	0	10001	0	0	0	0	1	10	0	0	833	1133	-1	0	0	0	0	0	1	0	0	0	0	0	0	0	0	0	0	0	0	0	0	0	0	2	6	0	4	100	0	0	0	300	1	1024	4	15032	1	1	126	0	-1	0	0	0	0	0	0	0	0	0	0	0	0	110109	10	101001	1	3	0
15101	515101	4	0	4	0	0	0	0	0	0	0	0	30004	0	0	0	0	1	0	0	0	0	0	-1	0	0	0	0	0	1	0	0	0	0	0	0	0	0	0	0	0	0	0	0	0	0	1	0	0	1	0	0	0	0	0	0	512	4	15101	1	1	126	0	-1	0	0	0	0	0	0	0	0	0	0	0	0	0	0	-1	0	0	0
15102	515102	102	0	2	655360	0	0	0	0	0	0	0	10001	-1	-1	-1	0	8	3	0	0	500	800	-1	0	0	0	0	0	1	0	0	0	0	0	0	0	0	0	0	0	0	0	0	0	0	5	6	0	4	1	30	10	0	500	1	17	1	10	1	1	126	0	0	0	0	0	1	0.5	0	500	500	0.76932	0	0	0	110201	3	102001	1	1	0
15103	515103	102	0	2	655360	15102	0	0	0	0	0	0	10001	-1	-1	-1	0	8	3	0	0	500	800	-1	0	0	0	0	0	1	0	0	0	0	0	0	0	0	0	0	0	0	0	0	0	0	5	6	0	4	1	30	10	0	500	1	17	1	10	1	1	126	0	0	0	0	0	1	0.5	0	500	500	0.15531	0	0	0	110202	3	102002	1	1	0
15104	515104	102	0	2	529664	0	0	0	0	0	0	0	10001	-1	-1	-1	0	2	10	0	0	1000	2000	15104	500	0	0	0	0	2	0	0	0	1	1000	10	0	1	0	0	0	0	0	0	0	0	1	6	0	1	0	0	0	0	100	1	17	1	10	1	1	126	0	2	0	0	0	3	0	0	500	500	0	0	0	0	110203	3	101	1	2	0
15105	515105	0	0	12	0	0	11	1026	2	15104	0	1000	30001	-1	-1	-1	0	8	0	0	0	500	933	-1	0	0	0	0	0	1	0	0	0	0	0	0	0	0	0	0	0	0	0	0	0	0	1	0	0	1	0	0	0	0	0	1	512	8	0	0	0	126	0	-1	0	0	0	3	0	0	500	500	0	0	0	0	0	0	-1	0	0	0
15106	515106	102	0	2	524544	0	0	0	0	0	0	0	10001	-1	-1	-1	0	1	20	0	0	500	667	15106	0	0	0	0	0	1	0	0	0	0	0	0	0	0	0	0	0	0	0	0	0	0	2	6	0	4	50	0	0	0	400	1	17	1	10	1	1	126	0	-1	0	0	0	0	0	0	0	0	0	0	0	0	110205	0	102003	1	2	0
15109	515109	102	0	12	0	0	3	2	0	15106	0	1000	30001	-1	-1	-1	0	1	0	0	0	500	667	-1	0	0	0	0	0	1	0	0	0	0	0	0	0	0	0	0	0	0	0	0	0	0	2	6	0	4	50	0	0	0	400	1	1024	4	15106	1	1	126	0	-1	0	0	0	0	0	0	0	0	0	0	0	0	0	0	-1	0	0	0
15107	515107	102	0	2	2097408	0	0	0	0	0	0	0	10001	-1	-1	-1	0	1	0	0	0	3400	3500	15107	0	0	0	0	0	1	0	0	0	0	0	0	0	0	0	0	0	0	0	0	0	0	1	0	0	0	0	0	0	0	1600	1	512	3	0	0	0	126	0	-1	0	0	0	0	0	0	0	0	0	0	0	0	110206	14	-1	0	10	0
15110	515110	0	0	2	524288	0	0	0	0	0	0	0	10001	0	0	0	0	1	10	0	0	1133	1433	-1	0	0	0	0	0	1	0	0	0	0	0	0	0	0	0	0	0	0	0	0	0	0	2	6	0	4	100	0	0	0	300	1	1024	4	15107	1	1	126	0	-1	0	0	0	0	0	0	0	0	0	0	0	0	110207	6	102001	1	3	0
15108	515108	0	0	12	3585	0	1	2050	1	15107	0	1000	30001	-1	-1	-1	0	8	0	0	0	0	0	-1	0	0	0	0	0	1	0	0	0	0	0	0	0	0	0	0	0	0	0	0	0	0	5	6	0	4	11	110	30	2310	0	1	17	1	0	0	0	126	0	0	0	0	0	0	0	0	0	0	0	0	0	0	0	14	102003	1	10	0
15200	515200	0	0	12	256	0	7	8193	8192	0	0	1000	30001	-1	-1	-1	0	1	0	0	0	0	0	-1	0	0	0	0	0	1	0	0	0	0	0	0	0	0	0	0	0	0	0	0	0	0	1	7	0	0	0	0	0	0	0	0	8192	4	15202	1	1	126	0	-1	0	0	0	0	0	0	0	0	0	0	0	0	0	0	-1	0	0	0
15201	515201	102	0	2	589824	0	0	0	0	0	0	0	10001	-1	-1	-1	0	3	20	0	0	500	1000	-1	0	0	0	0	0	1	0	0	0	0	0	0	0	0	0	0	0	0	0	0	0	0	3	6	0	1	10	100	30	0	250	1	1	1	10	1	1	126	0	-1	0	0	0	2	5	0	5000	5100	0	0	0	0	110301	0	100	3	1	0
15203	515203	0	0	12	0	0	2	2050	1	15202	0	1000	30001	-1	-1	-1	0	1	20	0	0	0	0	-1	0	0	0	0	0	1	0	0	0	0	0	0	0	0	0	0	0	0	0	0	0	0	1	0	0	0	0	0	0	0	0	1	0	3	0	0	0	126	0	-1	0	0	0	0	0	0	0	0	0	0	0	0	0	0	-1	0	0	0
15210	515210	102	0	2	524544	0	0	0	0	0	0	0	10001	-1	-1	-1	0	3	10	0	0	500	1000	15210	0	0	0	0	0	1	0	0	0	0	0	0	0	0	0	0	0	0	0	0	0	0	1	5	0	1	0	0	0	0	250	1	2	2	0	0	0	126	0	-1	0	0	0	0	0	0	0	0	0	0	0	0	110302	0	-1	0	2	0
15211	515211	0	0	12	0	0	1	2050	1	15210	0	1000	30001	-1	-1	-1	0	2	10	0	0	0	0	-1	0	0	0	0	0	1	0	0	0	0	0	0	0	0	0	0	0	0	0	0	0	0	1	0	0	1	0	0	0	0	250	1	0	4	15211	1	1	126	0	-1	0	0	0	0	0	0	0	0	0	0	0	0	0	0	-1	0	0	0
15212	515212	0	0	24	0	0	7	0	0	0	0	1000	30002	-1	-1	-1	0	2	0	0	0	0	0	-1	0	0	0	0	0	1	0	0	0	0	0	0	0	0	0	0	0	0	0	0	0	0	1	0	0	1	0	0	0	0	0	1	512	15	0	0	0	126	15212	-1	0	0	0	0	0	0	0	0	0	0	0	0	0	0	-1	0	0	0
15220	515220	102	0	2	524288	0	0	0	0	0	0	0	10001	-1	-1	-1	0	1	0	0	0	1800	2000	15220	0	0	0	0	0	1	0	0	0	0	0	0	0	0	0	0	0	0	0	0	0	0	1	0	0	0	0	0	0	0	1500	1	0	3	0	0	0	126	0	-1	0	0	0	0	0	0	0	0	0	0	0	0	110303	0	-1	0	2	0
15230	515230	102	0	2	2097152	0	0	0	0	0	0	0	10001	-1	-1	-1	0	1	20	0	0	500	1000	15230	0	0	0	0	0	1	0	0	0	0	0	0	0	0	0	0	0	0	0	0	0	0	1	0	0	0	0	0	0	0	200	1	0	3	0	0	0	126	0	-1	0	0	0	0	0	0	0	0	0	0	0	0	110304	0	-1	0	10	0
15231	515231	0	0	2	0	0	1	2	1	15230	0	1000	10001	-1	-1	-1	0	4	20	0	0	0	0	-1	0	0	0	0	0	1	0	0	0	0	0	0	0	0	0	0	0	0	0	0	0	0	2	6	0	4	50	0	0	0	0	1	1	1	0	0	0	126	0	0	0	0	0	1	5	0	1000	1100	0	0	0	0	0	0	101	1	0	0
15232	515232	102	0	4	65536	0	0	0	0	0	0	0	20001	-1	-1	-1	0	1	0	0	0	0	0	-1	0	0	0	0	0	1	0	0	0	0	0	0	0	0	0	0	0	0	0	0	0	0	2	5	0	4	80	0	0	0	500	-1	2	2	0	0	0	126	0	-1	0	0	0	0	0	0	0	0	0	0	0	0	110307	0	-1	0	0	0
15233	515233	0	0	12	9732	0	14	2050	1	15230	0	1000	30001	0	0	0	0	4	0	0	0	0	0	-1	0	0	0	0	0	2	0	0	0	3	5000	0	500	10	0	0	0	1	0	0	0	0	2	5	0	5	50	0	45	0	1000	-1	2	2	0	0	0	126	0	-1	0	0	0	0	0	0	0	0	0	0	0	0	0	0	-1	0		
15243	515243	102	0	4	65536	0	0	0	0	0	0	0	20001	-1	-1	-1	0	1	0	0	0	0	0	-1	0	0	0	0	0	1	0	0	0	0	0	0	0	0	0	0	0	0	0	0	0	0	2	5	0	4	80	0	0	0	1500	-1	2	2	0	0	0	126	0	-1	0	0	0	0	0	0	0	0	0	0	0	0	110307	0	-1	0	0	0
15244	515244	102	0	2	524288	0	0	0	0	0	0	0	10001	-1	-1	-1	0	8	20	0	0	500	1000	-1	0	0	0	0	0	1	0	0	0	0	0	0	0	0	0	0	0	0	0	0	0	0	3	6	0	1	10	100	30	0	250	1	1	1	10	1	1	126	0	-1	0	0	0	0	0	0	0	0	0	0	0	0	110306	0	100	3	1	0
15250	515250	102	0	2	589824	0	0	0	0	0	0	0	10001	-1	-1	-1	0	1	20	0	0	500	1000	-1	0	0	0	0	0	1	0	0	0	0	0	0	0	0	0	0	0	0	0	0	0	0	3	6	0	1	10	100	30	0	250	1	1	1	10	1	1	126	0	-1	0	0	0	0	0	0	0	0	0	0	0	0	110301	0	100	3	1	0
15301	515301	4	0	4	0	0	0	0	0	0	0	0	10001	0	0	0	0	1	0	0	0	0	0	-1	0	0	0	0	0	1	0	0	0	0	0	0	0	0	0	0	0	0	0	0	0	0	1	0	0	1	0	0	0	0	0	0	512	0	0	0	0	126	0	-1	0	0	0	0	0	0	0	0	0	0	0	0	0	0	-1	0	0	0
15302	515302	102	0	2	524288	0	0	0	0	0	0	0	10001	-1	-1	-1	0	3	20	0	0	350	767	-1	0	0	0	0	0	1	0	0	0	0	0	0	0	0	0	0	0	0	0	0	0	0	1	6	0	1	0	0	0	0	250	1	1	1	0	0	0	126	0	-1	0	0	0	0	0	0	0	0	0.5	0	0	0	110401	5	104001	1	1	0
15303	515303	102	0	2	524288	15302	0	0	0	0	0	0	10001	-1	-1	-1	0	3	20	0	0	400	700	-1	0	0	0	0	0	1	0	0	0	0	0	0	0	0	0	0	0	0	0	0	0	0	1	6	0	1	0	0	0	0	250	1	1	1	0	0	0	126	0	-1	0	0	0	0	0	0	0	0	0.5	0	0	0	110402	5	104002	1	1	0
15304	515304	102	0	2	524288	15302	0	0	0	0	0	0	10001	-1	-1	-1	0	3	20	0	0	500	933	-1	0	0	0	0	0	1	0	0	0	0	0	0	0	0	0	0	0	0	0	0	0	0	1	6	0	1	0	0	0	0	250	1	1	1	0	0	0	126	0	-1	0	0	0	0	0	0	0	0	0.5	0	0	0	110403	5	104003	1	1	0
15305	515305	102	0	2	543488	0	0	0	0	0	0	0	10001	-1	-1	-1	0	8	20	0	0	800	800	15305	0	3	1	0	0	2	0	0	0	1	2000	10	200	10	0	0	0	4005	0	0	0	0	2	6	0	1	20	0	0	0	200	1	17	1	0	0	0	126	0	-1	0	0	0	0	0	0	0	0	0	0	0	0	110404	5	104004	1	2	0
15306	515306	102	0	2	524292	15305	0	0	0	0	0	0	10007	0	15305	-1	0	8	20	0	0	800	1100	-1	0	0	0	0	0	1	0	0	0	0	0	0	0	0	0	0	0	0	0	0	0	0	1	0	0	1	0	30	10	0	200	1	17	0	0	0	0	126	0	-1	0	0	0	0	0	0	0	0	0	0	0	0	110411	0	-1	0	2	0
15307	515307	102	0	2	546048	0	0	0	0	0	0	0	10001	-1	-1	-1	0	2	20	0	0	800	867	15307	0	3	1	0	0	2	0	0	0	1	1000	20	400	1	0	0	0	4005	0	0	0	0	1	6	0	1	0	0	0	0	200	1	17	1	0	0	0	126	0	-1	0	0	0	0	0	0	0	0	0	0	0	0	110405	5	104005	1	2	0
15308	515308	0	0	12	0	0	11	2050	2	15307	0	1000	30006	15309	-1	-1	0	2	20	0	0	800	800	-1	0	0	0	0	0	1	0	0	0	0	0	0	0	0	0	0	0	0	0	0	0	0	1	0	0	1	0	0	0	0	0	1	1	0	0	0	0	126	0	1	0	0	0	0	0	0	0	0	10	0	0	0	0	0	-1	0	0	0
15309	515309	102	0	34	671744	0	0	0	0	0	0	0	10007	-1	-1	-1	0	2	20	0	0	400	700	-1	0	0	0	0	0	1	0	0	0	0	0	0	0	0	0	0	0	0	0	0	0	0	1	6	0	1	0	0	0	0	100	1	1	1	0	0	0	126	0	1	0	0	0	0	0	0	0	0	10	0	0	0	110406	0	101	1	2	0
15310	515310	102	0	2	671744	15309	0	0	0	0	0	1000	10007	-1	-1	-1	0	2	15	0	0	700	1000	-1	0	0	0	0	0	1	0	0	0	0	0	0	0	0	0	0	0	0	0	0	0	0	1	6	0	1	0	0	0	0	100	1	1	1	0	0	0	126	0	1	0	0	0	0	0	0	0	0	10	0	0	0	110407	0	101	1	2	0
15311	515311	102	0	2	671744	15309	0	0	0	0	0	1000	10007	-1	-1	-1	0	2	15	0	0	200	500	-1	0	0	0	0	0	1	0	0	0	0	0	0	0	0	0	0	0	0	0	0	0	0	1	6	0	1	0	0	0	0	100	1	1	1	0	0	0	126	0	1	0	0	0	0	0	0	0	0	10	0	0	0	110408	0	101	1	2	0
15312	515312	102	0	2	671744	15309	0	0	0	0	0	1000	10007	-1	-1	-1	0	2	15	0	0	400	700	-1	0	0	0	0	0	1	0	0	0	0	0	0	0	0	0	0	0	0	0	0	0	0	1	6	0	1	0	0	0	0	100	1	1	1	0	0	0	126	0	1	0	0	0	0	0	0	0	0	10	0	0	0	110409	0	101	1	2	0
15313	515313	102	0	2	671744	15309	0	0	0	0	0	1000	10007	-1	-1	-1	0	2	15	0	0	500	1000	-1	0	0	0	0	0	1	0	0	0	0	0	0	0	0	0	0	0	0	0	0	0	0	1	6	0	1	0	0	0	0	100	1	1	1	0	0	0	126	0	1	0	0	0	0	0	0	0	0	10	0	0	0	110410	0	101	1	2	0
15314	515314	102	0	2	2097408	0	0	0	0	0	0	0	10001	-1	-1	-1	0	1	10	0	0	1800	1900	15314	0	0	0	0	0	1	0	0	0	0	0	0	0	0	0	0	0	0	0	0	0	0	1	0	0	1	0	0	0	0	100	1	512	13	104	3	-1	126	0	1	0	0	0	0	0	0	0	0	10	0	0	0	110412	5	-1	0	10	0
15315	515315	0	0	12	0	0	1	2050	1	15314	0	1000	30001	-1	-1	-1	0	1	10	0	0	100	300	-1	0	0	0	0	0	1	0	0	0	0	0	0	0	0	0	0	0	0	0	0	0	0	1	0	0	1	0	0	0	0	100	1	512	4	15315	1	3	126	0	1	0	0	0	0	0	0	0	0	10	0	0	0	0	0	-1	0	0	0
15316	515316	0	0	28	64	0	1	2068	1	8192	0	1000	30001	-1	-1	-1	0	1	10	0	0	0	0	-1	0	0	0	0	0	1	0	0	0	0	0	0	0	0	0	0	0	0	0	0	0	0	1	0	0	1	0	0	0	0	0	1	2048	4	15316	1	0	126	0	-1	0	0	0	0	0	0	0	0	0	0	0	0	0	0	-1	0	0	0
15317	515317	8	0	12	0	0	8	4116	1	8192	0	1000	30003	-1	-1	-1	0	1	10	0	0	0	0	-1	0	0	0	0	0	1	0	0	0	0	0	0	0	0	0	0	0	0	0	0	0	0	1	0	0	1	0	0	0	0	0	1	512	0	1	0	20	126	0	-1	0	0	0	0	0	0	0	0	0	0	0	0	0	0	-1	0	0	0
15318	515318	102	0	2	524288	0	0	0	0	0	0	0	10001	0	0	0	0	1	10	0	0	1267	1567	-1	0	0	0	0	0	1	0	0	0	0	0	0	0	0	0	0	0	0	0	0	0	0	2	5	0	4	100	0	0	0	300	1	512	4	15317	1	1	126	0	-1	0	0	0	0	0	0	0	0	0	0	0	0	110413	5	104001	1	3	0
30001	530001	0	0	2	0	0	0	0	0	0	0	0	10001	-1	-1	-1	0	8	5	0	500	500	2000	30001	0	0	0	0	0	2	-1	-1	-1	1	0	0	0	0	0	0	0	0	0	0	0	0	0	0	0	0	0	0	0	0	200	1	0	0	0	0	0	126	0	0	0	0	0	0	0	0	0	0	8	0	0	0	0	51	0	1	0	0
30002	530002	0	0	2	0	0	0	0	0	0	0	0	10001	-1	-1	-1	0	8	3	0	500	500	400	30002	0	0	0	0	0	1	-1	-1	-1	0	0	0	0	0	0	0	0	0	0	0	0	0	5	0	0	3	1	30	10	0	200	1	1	1	10	1	1	126	0	2	0	0	0	1	0.5	0.5	500	500	0.5	0	0	0	100101	1000	0	1	0	0
30003	530003	0	0	2	65536	0	0	0	0	0	0	0	10001	-1	-1	-1	0	8	10	0	500	500	1000	30003	0	0	0	0	0	1	-1	-1	-1	0	0	0	0	0	0	0	0	0	0	0	0	0	3	0	0	1	10	100	30	0	250	1	1	1	10	1	1	126	0	0	0	0	0	0	0	0	0	0	0	0	0	0	100201	1010	0	1	0	0
30004	530004	0	0	2	1024	0	0	0	0	0	0	0	10001	-1	-1	-1	0	4	1000	0	500	500	1000	30004	0	0	0	0	0	2	-1	-1	-1	1	2000	15	0	0	0	0	0	1003	0	0	0	0	2	0	0	1	100	0	45	0	250	1	1	1	10	1	1	126	0	0	0	0	0	0	0	0	0	0	0	0	0	0	100201	1010	0	1	0	0
30005	530005	0	0	2	4352	0	0	0	0	0	0	0	10001	-1	-1	-1	0	8	5	0	500	500	1900	30005	0	0	0	0	0	2	-1	-1	-1	0	1000	8	0	0	0	0	0	0	0	0	0	0	0	0	0	0	0	0	0	0	200	1	0	0	0	0	0	126	0	0	0	0	0	0	0	0	0	0	8	0	0	0	100104	1006	0	1	0	0
40000	540000	0	0	2	0	0	0	0	0	0	0	0	10001	-1	-1	-1	0	1	20	0	0	500	1100	-1	0	0	0	0	0	1	0	0	0	0	0	0	0	0	0	0	0	0	0	0	0	0	1	0	0	1	0	0	0	0	100	1	1	1	0	0	0	126	0	0	0	0	0	0	0	0	0	0	0	0	0	0	100105	0	0	1	0	0
60001	560001	0	0	2	4	0	0	0	0	0	0	0	10001	-1	-1	-1	0	1	8	0	0	500	500	60001	0	0	0	0	0	1	0	0	0	3	0	0	0	0	0	0	0	0	0	0	0	0	2	5	0	5	100	0	0	0	200	1	2	2	0	0	0	126	0	-1	0	0	0	0	0	0	0	0	0	0	0	0	100203	0	-1	0	0	0
60002	560002	102	0	2	655360	0	0	0	0	0	0	0	10001	-1	-1	-1	0	8	3	2	0	400	700	60002	0	0	0	0	0	1	0	0	0	0	0	0	0	0	0	0	0	0	0	0	0	0	1	6	0	3	1	30	10	0	200	1	1	1	0	0	0	126	0	-1	0	0	0	0	0	0	0	0	0	0	0	0	100101	51	1001	1	1	0
60003	560003	102	0	2	524544	0	0	0	0	0	0	0	10001	-1	-1	-1	0	1	20	0	0	500	667	60003	0	0	0	0	0	1	0	0	0	0	0	0	0	0	0	0	0	0	0	0	0	0	2	6	0	4	50	0	0	0	400	1	17	1	10	1	1	126	0	-1	0	0	0	0	0	0	0	0	0	0	0	0	110201	0	102003	1	2	0
60004	560004	102	0	12	0	0	3	2	0	15106	0	1000	30001	-1	-1	-1	0	1	0	0	0	500	667	-1	0	0	0	0	0	1	0	0	0	0	0	0	0	0	0	0	0	0	0	0	0	0	2	6	0	4	50	0	0	0	400	1	1024	4	60004	1	1	126	0	-1	0	0	0	0	0	0	0	0	0	0	0	0	0	0	-1	0	0	0
60005	560002	102	0	2	655360	0	0	0	0	0	0	0	10001	-1	-1	-1	0	8	4	0	0	2150	2150	60005	0	0	0	0	0	1	0	0	0	0	0	0	0	0	0	0	0	0	0	0	0	0	3	6	0	4	0	4	120	0	1000	1	1	1	0	50	0	126	0	-1	0	0	0	0	0	0	0	0	0	0	0	0	5001	0	0	1	1	0
60006	560002	102	0	2	655360	0	0	0	0	0	0	0	10001	-1	-1	-1	0	8	4	0	0	4150	4150	60006	0	0	0	0	0	1	0	0	0	0	0	0	0	0	0	0	0	0	0	0	0	0	3	6	0	4	0	4	120	0	1500	2	1	1	0	100	0	126	0	-1	0	0	0	0	0	0	0	0	0	0	0	0	5002	0	0	1	1	0
60007	560002	102	0	2	655360	0	0	0	0	0	0	0	10001	-1	-1	-1	0	8	50	0	0	2270	2270	60007	0	0	0	0	0	1	0	0	0	0	0	0	0	0	0	0	0	0	0	0	0	0	2	6	0	4	50	0	0	0	1100	1	1	1	0	150	0	126	0	-1	0	0	0	0	0	0	0	0	0	0	0	0	5003	0	0	1	1	0
60010	560010	102	0	2	655360	0	0	0	0	0	0	0	10001	-1	-1	-1	0	8	4	0	0	900	900	60010	0	0	0	0	0	1	0	0	0	0	0	0	0	0	0	0	0	0	0	0	0	0	1	6	0	1	0	0	0	0	100	1	1	1	0	50	0	126	0	-1	0	0	0	0	0	0	0	0	0	0	0	0	5011	0	0	1	1	0
60011	560011	102	0	2	655360	0	0	0	0	0	0	0	10001	-1	-1	-1	0	8	4	0	0	1100	1100	-1	0	0	0	0	0	1	0	0	0	0	0	0	0	0	0	0	0	0	0	0	0	0	1	6	0	1	0	0	0	0	100	1	1	1	0	50	0	126	0	-1	0	0	0	0	0	0	0	0	0	0	0	0	5014	0	0	1	1	0
60012	560012	102	0	2	655360	0	0	0	0	0	0	0	10001	-1	-1	-1	0	8	4	0	0	2800	2800	-1	0	0	0	0	0	1	0	0	0	0	0	0	0	0	0	0	0	0	0	0	0	0	1	6	0	1	0	0	0	0	100	1	1	1	0	50	0	126	0	-1	0	0	0	0	0	0	0	0	0	0	0	0	5015	0	0	1	1	0
60013	560013	102	0	2	655360	0	0	0	0	0	0	0	10001	-1	-1	-1	0	8	3	2	0	1000	1000	60013	0	0	0	0	0	1	0	0	0	0	0	0	0	0	0	0	0	0	0	0	0	0	1	6	0	1	0	0	0	0	900	1	1	1	0	50	0	126	0	-1	0	0	0	0	0	0	0	0	8	0	0	900	5012	0	0	1	1	0
60014	560014	102	0	2	655360	0	0	0	0	0	0	0	10001	-1	-1	-1	0	8	4	0	0	2300	2300	60014	0	0	0	0	0	1	0	0	0	0	0	0	0	0	0	0	0	0	0	0	0	0	1	6	0	1	0	0	0	0	600	3	1	1	0	50	0	126	0	-1	0	0	0	0	0	0	0	0	0	0	0	0	5016	0	0	1	1	0
60015	560015	102	0	2	655360	0	0	0	0	0	0	0	10001	-1	-1	-1	0	8	6	0	0	1500	1500	60015	0	0	0	0	0	1	0	0	0	0	0	0	0	0	0	0	0	0	0	0	0	0	3	6	0	4	0	6	60	0	700	1	1	1	0	50	0	126	0	-1	0	0	0	0	0	0	0	0	0	0	0	0	5101	0	0	1	1	0
60016	560016	102	0	2	655360	0	0	0	0	0	0	0	10004	8	5	0	0	8	15	0	0	1334	1334	60016	0	0	0	0	0	2	0	1	0	1	1334	80	400	4	4	0	0	0	0	0	0	0	1	6	0	1	0	0	0	0	0	0	0	0	0	50	0	126	0	-1	0	0	0	0	0	0	0	0	0	0	0	0	5102	0	0	1	1	0
60017	560017	102	0	2	655360	0	0	0	0	0	0	0	10001	-1	-1	-1	0	8	8	0	0	1633	1633	60017	0	0	0	0	0	1	0	0	0	0	0	0	0	0	0	0	0	0	0	0	0	0	3	6	0	4	0	8	90	0	333	1	1	1	0	50	0	126	0	-1	0	0	0	0	0	0	0	0	0	0	0	0	5103	0	0	1	1	0
60018	560018	102	0	2	655360	0	0	0	0	0	0	0	10001	-1	-1	-1	0	8	4	0	0	500	500	-1	0	0	0	0	0	1	0	0	0	0	0	0	0	0	0	0	0	0	0	0	0	0	1	6	0	1	0	0	0	0	0	0	1	1	0	50	0	126	0	-1	0	0	0	0	0	0	0	0	0	0	0	0	5014	0	0	1	1	0
60019	560019	102	0	2	655360	0	0	0	0	0	0	0	10001	-1	-1	-1	0	8	4	0	0	1500	1500	-1	0	0	0	0	0	1	0	0	0	0	0	0	0	0	0	0	0	0	0	0	0	0	1	6	0	1	0	0	0	0	0	0	1	1	0	50	0	126	0	-1	0	0	0	0	0	0	0	0	0	0	0	0	5015	0	0	1	1	0
60020	560020	102	0	2	655360	0	0	0	0	0	0	0	10001	-1	-1	-1	0	8	12	0	0	4000	4000	60020	0	0	0	0	0	1	0	0	0	0	0	0	0	0	0	0	0	0	0	0	0	0	5	6	0	4	0	12	4	0	500	6	1	1	0	50	0	126	0	-1	0	0	0	0	0	0	0	0	0	0	0	0	5106	0	0	1	1	0
60021	560021	102	0	2	655360	0	0	0	0	0	0	0	10001	-1	-1	-1	0	8	12	0	0	4000	4000	60021	0	0	0	0	0	1	0	0	0	0	0	0	0	0	0	0	0	0	0	0	0	0	3	6	0	4	0	12	90	500	500	5	1	1	0	50	0	126	0	-1	0	0	0	0	0	0	0	0	0	0	0	0	5107	0	0	1	1	0
60022	560022	102	0	2	655360	0	0	0	0	0	0	0	10001	-1	-1	-1	0	8	8	0	0	2000	2000	60022	0	0	0	0	0	1	0	0	0	0	0	0	0	0	0	0	0	0	0	0	0	0	3	6	0	4	0	8	90	0	900	1	1	1	0	50	0	126	0	-1	0	0	0	0	0	0	0	0	0	0	0	0	5108	0	0	1	1	0
60023	560023	102	0	2	655360	0	0	0	0	0	0	0	10001	-1	-1	-1	0	8	8	0	0	2000	2000	60023	0	0	0	0	0	1	0	0	0	0	0	0	0	0	0	0	0	0	0	0	0	0	3	6	0	4	0	8	90	0	900	1	1	1	0	50	0	126	0	-1	0	0	0	0	0	0	0	0	0	0	0	0	5109	0	0	1	1	0
60024	560024	102	0	2	655360	0	0	0	0	0	0	0	10001	-1	-1	-1	0	8	4	0	0	1500	1500	-1	0	0	0	0	0	1	0	0	0	0	0	0	0	0	0	0	0	0	0	0	0	0	1	6	0	1	0	0	0	0	0	0	1	1	0	50	0	126	0	-1	0	0	0	0	0	0	0	0	0	0	0	0	5015	0	0	1	1	0
60025	560015	102	0	2	655360	0	0	0	0	0	0	0	10001	-1	-1	-1	0	8	6	0	0	1667	1667	60025	0	0	0	0	0	1	0	0	0	0	0	0	0	0	0	0	0	0	0	0	0	0	3	6	0	4	0	6	60	0	715	1	1	1	0	50	0	126	0	-1	0	0	0	0	0	0	0	0	0	0	0	0	5110	0	0	1	1	0
60026	560016	102	0	2	655360	0	0	0	0	0	0	0	10004	8	5	0	0	8	15	0	0	1334	1334	60026	0	0	0	0	0	2	0	0	0	1	1334	80	400	4	4	0	0	0	0	0	0	0	1	6	0	1	0	0	0	0	0	0	0	0	0	50	0	126	0	-1	0	0	0	0	0	0	0	0	0	0	0	0	5111	0	0	1	1	0
70000	570000	0	0	2	512	0	0	0	0	0	0	0	10001	-1	-1	-1	-1	1	5	0	0	300	300	-1	0	0	0	0	0	2	0	0	0	3	5000	0	1000	5	0	0	0	7006	0	0	0	0	2	6	0	4	50	0	0	0	0	0	1	1	0	0	0	126	0	-1	0	0	0	0	0	0	0	0	0	0	0	0	0	0	-1	0	0	0
70001	570001	0	0	2	512	0	0	0	0	0	0	0	10001	-1	-1	-1	-1	1	10	0	0	300	300	-1	0	0	0	0	0	2	0	0	0	3	3600000	0	300	5	0	0	0	0	0	0	0	0	5	6	0	4	-20	20	100	0	0	0	1	1	0	0	0	126	0	1	0	0	0	1	2	0	500	500	0	0	0	0	0	0	-1	0	0	0
15600	515600	0	0	4	0	0	0	0	0	0	0	0	10001	-1	-1	-1	0	1	0	0	0	0	0	-1	0	0	0	0	0	1	0	0	0	0	0	0	0	0	0	0	0	0	0	0	0	0	1	0	0	1	0	0	0	0	0	0	256	4	15600	1	0	126	0	-1	0	0	0	0	0	0	0	0	0	0	0	0	0	0	-1	0	0	0
15601	515601	102	0	2	524288	0	0	0	0	0	0	0	10001	-1	-1	-1	0	3	20	0	0	1200	1867	-1	0	0	0	0	0	1	0	0	0	0	0	0	0	0	0	0	0	0	0	0	0	0	3	6	0	1	10	200	80	0	1000	1	1	1	0	0	0	126	0	-1	0	0	0	0	0	0	0	0	0	0	0	0	110701	16	1001006	3	1	0
15610	515610	102	0	2	524544	0	0	0	0	0	0	0	10001	-1	-1	-1	0	2	20	0	0	1500	2067	15610	0	0	0	0	0	1	0	0	0	0	0	0	0	0	0	0	0	0	0	0	0	0	3	6	0	1	10	200	80	0	1000	1	1	1	0	0	0	126	0	-1	0	0	0	0	0	0	0	0	0	0	0	0	110702	16	1001006	1	1	0
15611	515611	102	0	8	0	15610	1	2050	1	15610	0	1000	30001	-1	-1	-1	0	2	10	0	0	0	0	-1	0	0	0	0	0	1	0	0	0	0	0	0	0	0	0	0	0	0	0	0	0	0	3	6	0	1	10	100	80	0	1000	1	17	1	0	0	0	126	0	1	0	0	0	1	5	0	1000	500	0	0	0	0	0	16	0	3	1	0
15620	515620	102	0	2	524544	0	0	0	0	0	0	0	10001	-1	-1	-1	0	2	20	0	0	1500	2067	15620	0	0	0	0	0	1	0	0	0	0	0	0	0	0	0	0	0	0	0	0	0	0	3	6	0	1	10	200	80	0	300	1	1	6	0	0	0	126	0	-1	0	0	0	0	0	0	0	0	0	0	0	0	110703	16	1001006	1	1	0
15621	515621	0	0	12	0	15620	1	2050	1	15620	0	1000	30001	-1	-1	-1	0	2	20	0	0	0	0	-1	0	0	0	0	0	1	0	0	0	0	0	0	0	0	0	0	0	0	0	0	0	0	3	6	0	1	10	200	80	0	300	1	1024	4	15621	1	1	126	0	-1	0	0	0	0	0	0	0	0	0	0	0	0	0	0	0	1	1	0
15630	515630	102	0	2	2097408	0	0	0	0	0	0	0	10001	-1	-1	-1	0	8	10	0	0	2200	2767	15630	0	0	0	0	0	1	0	0	0	0	0	0	0	0	0	0	0	0	0	0	0	0	1	0	0	0	0	0	0	0	1500	1	1	3	0	0	0	126	0	-1	0	0	0	0	0	0	0	0	0	0	0	0	110704	16	1001006	0	10	0
15640	515640	102	0	2	589824	0	0	0	0	0	0	0	10001	-1	-1	-1	0	1	20	0	0	500	1000	-1	0	0	0	0	0	1	0	0	0	0	0	0	0	0	0	0	0	0	0	0	0	0	3	6	0	1	10	100	30	0	250	1	1	1	10	1	1	126	0	-1	0	0	0	0	0	0	0	0	0	0	0	0	110701	0	1001006	3	1	0
94900	505001	0	0	4	0	0	0	0	0	0	0	0	20003	0	0	0	0	1	0	0	0	0	0	-1	0	0	0	0	0	1	0	0	0	0	0	0	0	0	0	0	0	0	0	0	0	0	1	0	0	0	0	0	0	0	0	1	512	0	0	0	0	126	0	-1	0	0	0	0	0	0	0	0	0	0	0	0	0	0	-1	0	0	0
94901	505002	102	0	2	655360	0	0	0	0	0	0	0	10001	-1	-1	-1	0	8	3	2	0	400	700	-1	0	0	0	0	0	1	0	0	0	0	0	0	0	0	0	0	0	0	0	0	0	0	3	6	0	3	1	30	60	0	200	1	1	1	0	0	0	126	0	1	0	0	0	0	0	0	0	0	0	0	0	0	100101	17	1001	1	1	0
94902	505003	102	0	2	655360	94901	0	0	0	0	0	0	10001	-1	-1	-1	0	8	3	2	0	500	800	-1	0	0	0	0	0	1	0	0	0	0	0	0	0	0	0	0	0	0	0	0	0	0	3	6	0	3	1	30	60	0	200	1	1	1	0	0	0	126	0	1	0	0	0	0	0	0	0	0	0	0	0	0	100102	17	1002	1	1	0
94903	505004	102	0	2	655360	94901	0	0	0	0	0	0	10001	-1	-1	-1	0	8	3	2	0	700	1000	-1	0	0	0	0	0	1	0	0	0	0	0	0	0	0	0	0	0	0	0	0	0	0	3	6	0	3	1	30	60	0	200	1	1	1	0	0	0	126	0	1	0	0	0	0	0	0	0	0	0	0	0	0	100103	17	1003	1	1	0
94904	505006	102	0	2	528640	0	0	0	0	0	0	0	10001	-1	-1	-1	0	8	0	0	0	500	1900	94904	0	0	0	0	0	2	0	0	0	1	900	11	0	0	0	0	0	0	0	0	0	0	0	0	0	0	0	0	0	0	200	1	1024	0	0	0	0	126	0	-1	0	0	0	0	0	0	0	0	0	0	0	0	100104	17	-1	0	2	0
94905	505007	0	0	12	0	0	11	2050	4	94904	0	1000	30001	0	0	0	0	4	0	0	0	0	0	-1	0	0	0	0	0	1	0	0	0	0	0	0	0	0	0	0	0	0	0	0	0	0	2	0	0	4	50	0	0	0	0	1	1	1	0	0	0	126	0	-1	0	0	0	0	0	0	0	0	0	0	0	0	0	0	100	3	0	0
94906	505008	102	0	2	524288	0	0	0	0	0	0	0	10001	-1	-1	-1	0	1	0	0	0	500	1100	94906	0	0	0	0	0	1	0	0	0	0	0	0	0	0	0	0	0	0	0	0	0	0	1	0	0	1	0	0	0	0	200	1	512	4	5008	1	1	126	0	-1	0	0	0	0	0	0	0	0	0	0	0	0	100105	0	-1	0	2	0
94907	505009	102	0	2	2097152	0	0	0	0	0	0	0	10001	-1	-1	-1	0	1	0	0	0	500	967	-1	0	0	0	0	0	1	0	0	0	0	0	0	0	0	0	0	0	0	0	0	0	0	1	0	0	1	0	0	0	0	200	1	512	4	5010	1	1	126	0	-1	0	0	0	0	0	0	0	0	0	0	0	0	100106	0	-1	0	10	0
94908	505011	102	0	2	2097153	94907	0	0	0	0	0	0	10005	1000	3	100107	2	1	0	0	0	500	967	94908	0	0	0	0	0	1	0	0	0	0	0	0	0	0	0	0	0	0	0	0	0	0	1	0	0	1	0	0	0	0	0	1	512	3	0	0	0	126	0	-1	0	0	0	0	0	0	0	0	0	0	0	0	100106	0	-1	0	10	0
94909	505012	0	0	12	0	0	1	2050	1	94904	0	1000	30001	-1	-1	-1	0	1	0	0	0	0	0	-1	0	0	0	0	0	1	0	0	0	0	0	0	0	0	0	0	0	0	0	0	0	0	1	0	0	1	0	0	0	0	200	1	512	4	5009	1	1	126	0	-1	0	0	0	0	0	0	0	0	0	0	0	0	0	0	-1	0	0	0
94910	505013	0	0	28	0	0	3	1052673	1	0	0	1000	30001	0	0	0	0	2	0	0	0	0	0	-1	0	0	0	0	0	1	0	0	0	0	0	0	0	0	0	0	0	0	0	0	0	0	1	0	0	1	0	0	0	0	0	1	1024	4	5014	1	1	126	0	-1	0	0	0	0	0	0	0	0	0	0	0	0	0	0	-1	0	0	0
94911	505014	102	0	2	524288	0	0	0	0	0	0	0	10001	0	0	0	0	1	10	0	0	1233	1533	-1	0	0	0	0	0	1	0	0	0	0	0	0	0	0	0	0	0	0	0	0	0	0	2	5	0	4	100	0	0	0	300	1	512	4	5015	1	1	126	0	-1	0	0	0	0	0	0	0	0	0	0	0	0	100108	17	1004	1	3	0
104900	0	102	0	2	590848	0	0	0	0	0	0	0	10001	-1	-1	-1	0	4	20	0	0	400	700	-1	0	0	0	0	0	2	24	0	0	5	1000	80	0	0	0	0	0	2012	2013	0	6007	0	1	6	0	0	0	0	0	0	200	5	1	1	0	0	0	126	0	-1	0	0	0	0	0	0	0	0	0	0	0	0	100201	13	-1	1	2	0
104910	0	102	0	2	529408	0	0	0	0	0	0	0	10001	-1	-1	-1	0	4	20	0	0	800	1000	104910	0	0	0	0	0	2	26	0	40	4	200	20	0	0	5	0	0	4006	2009	2009	6001	0	1	6	0	0	0	0	0	0	300	1	1	1	0	0	0	126	0	-1	0	0	0	0	0	0	0	0	0	0	0	0	100302	13	1005203	1	2	0
104911	0	0	0	12	0	0	11	2048	8	104910	0	1000	30001	0	0	0	0	4	0	0	0	0	0	-1	0	0	0	0	0	2	30008	0	0	4	200	30	0	0	25	0	0	4006	2009	2009	6001	0	2	6	0	3	50	0	45	0	0	3	0	0	0	0	0	126	0	-1	0	0	0	0	0	0	0	0	0	0	0	0	0	0	1005203	1	2	0
104920	0	102	0	2	525312	0	0	0	0	0	0	0	10001	-1	-1	-1	0	4	20	0	0	1200	1300	104920	0	0	0	0	0	2	100016	0	0	4	200	20	0	0	5	0	0	4006	2010	2010	6007	0	1	6	0	0	0	0	0	0	300	4	1	1	0	0	0	126	0	-1	0	0	0	0	0	0	0	0	0	0	0	0	100302	13	1005203	1	2	0
104930	0	102	0	2	525312	0	0	0	0	0	0	0	10001	-1	-1	-1	0	4	20	0	0	1000	3010	104930	0	0	0	0	0	2	30008	0	0	4	200	20	0	0	5	0	0	4007	2011	2010	6007	0	1	6	0	0	0	0	0	0	300	7	1	1	0	0	0	126	0	-1	0	0	0	0	0	0	0	0	0	0	0	0	10003	13	1005203	1	2	0
105000	0	102	0	2	524544	0	0	0	0	0	0	0	10001	-1	-1	-1	0	3	20	0	0	300	600	-1	0	0	0	0	0	1	-1	-1	-1	0	0	0	0	0	0	0	0	0	0	0	0	0	1	6	0	1	0	0	0	0	410	1	17	1	10	1	1	126	0	-1	0	0	0	0	0	0	0	0	0.1	0	0	0	110101	7	1001012	1	1	0
105001	0	102	0	2	524544	105000	0	0	0	0	0	0	10001	-1	-1	-1	0	3	20	0	0	300	567	-1	0	0	0	0	0	1	-1	-1	-1	0	0	0	0	0	0	0	0	0	0	0	0	0	1	6	0	1	0	0	0	0	300	1	17	1	10	1	1	126	0	-1	0	0	0	0	0	0	0	0	0.1	0	0	0	110102	7	1001012	1	1	0
105002	0	102	0	2	524544	105000	0	0	0	0	0	0	10001	-1	-1	-1	0	3	20	0	0	750	1000	-1	0	0	0	0	0	1	-1	-1	-1	0	0	0	0	0	0	0	0	0	0	0	0	0	1	6	0	1	0	0	0	0	600	1	17	1	10	1	1	126	0	-1	0	0	0	0	0	0	0	0	0.3	1	0	0	110103	7	1001012	2	1	0
105010	0	102	0	2	524544	0	0	0	0	0	0	0	10001	-1	-1	-1	0	3	20	0	0	300	600	-1	0	0	0	0	0	1	-1	-1	-1	0	0	0	0	0	0	0	0	0	0	0	0	0	1	6	0	1	0	0	0	0	410	1	17	1	10	1	1	126	0	-1	0	0	0	0	0	0	0	0	0.1	0	0	0	110101	7	1001012	1	1	0
105011	0	102	0	2	524544	105010	0	0	0	0	0	0	10001	-1	-1	-1	0	3	20	0	0	300	567	-1	0	0	0	0	0	1	-1	-1	-1	0	0	0	0	0	0	0	0	0	0	0	0	0	1	6	0	1	0	0	0	0	300	1	17	1	10	1	1	126	0	-1	0	0	0	0	0	0	0	0	0.1	0	0	0	110102	7	1001012	1	1	0
105012	0	102	0	2	524544	105010	0	0	0	0	0	0	10001	-1	-1	-1	0	3	20	0	0	1500	1933	-1	0	0	0	0	0	1	-1	-1	-1	0	0	0	0	0	0	0	0	0	0	0	0	0	1	6	0	1	0	0	0	0	600	1	17	1	10	1	1	126	0	-1	0	0	0	0	0	0	0	0	0.3	1	0	0	110103	7	1001012	2	1	0
105020	0	102	0	2	524544	0	0	0	0	0	0	0	10001	-1	-1	-1	0	1	20	0	0	2067	2067	105020	0	0	0	0	0	1	0	0	0	0	0	0	0	0	0	0	0	0	0	0	0	0	2	6	0	4	50	0	0	0	200	10	17	1	10	1	1	126	0	-1	0	0	0	0	0	0	0	0	0	0	0	0	10002	0	1001012	1	2	0
105021	0	102	0	12	0	0	3	2	0	105020	0	1000	30001	-1	-1	-1	0	1	0	0	0	1680	1680	-1	0	0	0	0	0	1	0	0	0	0	0	0	0	0	0	0	0	0	0	0	0	0	2	6	0	4	50	0	0	0	200	10	1024	4	15106	1	1	126	0	-1	0	0	0	0	0	0	0	0	0	0	0	0	0	0	-1	0	0	0
105030	0	102	0	2	528384	0	0	0	0	0	0	0	10001	-1	-1	-1	0	4	20	0	0	1000	10000	105030	0	0	0	0	0	2	10008	0	0	4	200	20	0	0	5	0	0	4006	2009	2009	6001	0	1	6	0	0	0	0	0	0	400	20	0	0	0	0	0	126	0	-1	0	0	0	0	0	0	0	0	0	0	0	0	10001	13	1001012	1	2	0
105031	0	0	0	12	0	0	11	2048	8	105030	0	1000	30001	0	0	0	0	4	0	0	0	0	0	-1	0	0	0	0	0	2	100016	0	0	4	200	15	0	0	40	0	0	4006	2009	2009	6001	0	2	6	0	3	50	0	45	0	0	4	0	0	0	0	0	126	0	-1	0	0	0	0	0	0	0	0	0	0	0	0	0	0	1001012	1	2	0
105110	0	102	0	2	524289	0	0	0	0	0	0	0	10002	1013	2000	-1	0	2	20	0	0	0	2000	105110	0	0	0	0	0	1	0	0	0	0	0	0	0	0	0	0	0	0	0	0	0	0	1	0	0	1	0	0	0	0	0	1	17	1	0	0	0	126	0	-1	0	0	0	0	0	0	0	0	0	0	0	0	100204	9	1001012	1	2	0
105120	0	102	0	2	524289	0	0	0	0	0	0	0	10002	1013	2000	-1	0	2	20	0	0	0	2000	105120	0	0	0	0	0	1	0	0	0	0	0	0	0	0	0	0	0	0	0	0	0	0	1	0	0	1	0	0	0	0	0	1	17	1	0	0	0	126	0	-1	0	0	0	0	0	0	0	0	0	0	0	0	100204	9	1001012	1	2	0
105130	0	102	0	2	524289	0	0	0	0	0	0	0	10001	0	0	-1	0	2	20	0	0	0	2000	105130	0	0	0	0	0	1	0	0	0	0	0	0	0	0	0	0	0	0	0	0	0	0	1	0	0	1	0	0	0	0	2000	1	17	1	0	0	0	126	0	-1	0	0	0	0	0	0	0	0	0	0	0	0	100204	9	1001012	1	2	0
105200	0	102	0	2	524544	0	0	0	0	0	0	0	10001	-1	-1	-1	0	3	20	0	0	300	600	-1	0	0	0	0	0	1	-1	-1	-1	0	0	0	0	0	0	0	0	0	0	0	0	0	1	6	0	1	0	0	0	0	410	1	17	1	10	1	1	126	0	-1	0	0	0	0	0	0	0	0	0.1	0	0	0	110101	7	1001012	1	1	0
105201	0	102	0	2	524544	105200	0	0	0	0	0	0	10001	-1	-1	-1	0	3	20	0	0	300	567	-1	0	0	0	0	0	1	-1	-1	-1	0	0	0	0	0	0	0	0	0	0	0	0	0	1	6	0	1	0	0	0	0	300	1	17	1	10	1	1	126	0	-1	0	0	0	0	0	0	0	0	0.1	0	0	0	110102	7	1001012	1	1	0
105202	0	102	0	2	524544	105200	0	0	0	0	0	0	10001	-1	-1	-1	0	3	20	0	0	750	1000	-1	0	0	0	0	0	1	-1	-1	-1	0	0	0	0	0	0	0	0	0	0	0	0	0	1	6	0	1	0	0	0	0	600	1	17	1	10	1	1	126	0	-1	0	0	0	0	0	0	0	0	0.3	1	0	0	110103	7	1001012	2	1	0
105210	0	102	0	2	524288	0	0	0	0	0	0	0	10001	-1	-1	-1	0	8	0	0	0	300	667	105210	0	-1	-1	-1	-1	1	-1	-1	-1	0	0	0	0	0	0	0	0	0	0	0	0	0	5	6	0	4	1	150	50	0	200	1	1	1	0	0	0	126	0	-1	0	0	0	0	0	0	0	0	0	0	0	0	110107	7	101004	1	2	0
105211	0	102	0	2	524289	105210	0	0	0	0	0	0	10005	500	4	1023	2	8	0	0	0	300	667	105211	0	-1	-1	-1	-1	1	-1	-1	-1	0	0	0	0	0	0	0	0	0	0	0	0	0	5	6	0	4	1	150	80	0	200	1	1	1	0	0	0	126	0	-1	0	0	0	0	0	0	0	0	0	0	0	0	110106	7	101004	1	2	0
105220	0	102	0	2	524544	0	0	0	0	0	0	0	10001	-1	-1	-1	0	1	20	0	0	2067	2067	105220	0	0	0	0	0	1	0	0	0	0	0	0	0	0	0	0	0	0	0	0	0	0	2	6	0	4	50	0	0	0	200	10	17	1	10	1	1	126	0	-1	0	0	0	0	0	0	0	0	0	0	0	0	10002	0	1001012	1	2	0
105221	0	102	0	12	0	0	3	2	0	105220	0	1000	30001	-1	-1	-1	0	1	0	0	0	1680	1680	-1	0	0	0	0	0	1	0	0	0	0	0	0	0	0	0	0	0	0	0	0	0	0	2	6	0	4	50	0	0	0	200	10	1024	4	15106	1	1	126	0	-1	0	0	0	0	0	0	0	0	0	0	0	0	0	0	-1	0	0	0
105230	0	102	0	2	2097408	0	0	0	0	0	0	0	10001	0	0	0	0	8	0	0	0	1000	1833	105230	0	-1	-1	-1	-1	1	-1	-1	-1	0	0	0	0	0	0	0	0	0	0	0	0	0	2	6	0	4	50	0	0	0	200	1	17	1	10	0	0	126	0	0	0	0	0	1	-1	7	1000	2000	0	0	0	0	110108	10	101005	3	10	0
105231	0	0	0	8	0	0	1	2050	1	105230	0	1000	30001	-1	-1	-1	0	1	0	0	0	1000	1833	-1	0	-1	-1	-1	-1	1	-1	-1	-1	0	0	0	0	0	0	0	0	0	0	0	0	0	1	0	0	1	0	0	0	0	200	1	528	4	15031	1	1	126	0	-1	0	0	0	0	0	0	0	0	0	0	0	0	0	10	101005	3	0	0
105300	0	102	0	2	590848	0	0	0	0	0	0	0	10001	-1	-1	-1	0	4	20	0	0	400	700	-1	0	0	0	0	0	2	24	0	0	5	1000	80	0	0	0	0	0	2012	2013	0	6006	0	1	6	0	0	0	0	0	0	200	4	1	1	0	0	0	126	0	-1	0	0	0	0	0	0	0	0	0	0	0	0	100302	4	3001	1	2	0
105310	0	102	0	2	524289	0	0	0	0	0	0	0	10001	0	0	-1	0	2	20	0	0	0	2000	-1	0	0	0	0	0	1	0	0	0	0	0	0	0	0	0	0	0	0	0	0	0	0	1	0	0	1	0	0	0	0	0	1	17	1	0	0	0	126	0	-1	0	0	0	0	0	0	0	0	0	0	0	0	100204	9	1001012	1	2	0
105320	0	102	0	2	528384	0	0	0	0	0	0	0	10001	-1	-1	-1	0	4	20	0	0	500	1000	105320	0	0	0	0	0	2	0	0	0	5	1000	15	0	0	0	300	200	4001	0	0	0	0	1	6	0	0	0	0	0	0	200	1	0	0	0	0	0	126	0	-1	0	0	0	0	0	0	0	0	0	0	0	0	100302	4	3001	1	2	0
105321	0	0	0	12	9728	105320	11	2048	4	105320	0	1000	30001	0	0	0	0	4	0	0	0	0	0	-1	0	0	0	0	0	2	0	0	0	3	600	0	100	1	0	0	0	2003	0	0	0	0	2	6	0	3	50	0	45	0	0	1	1	1	10	1	1	126	0	-1	0	0	0	0	0	0	0	0	0	0	0	0	0	0	3001	1	2	0
105322	0	0	0	12	9732	105320	11	2048	4	105320	0	1000	30001	0	0	0	0	4	0	0	0	0	0	-1	0	0	0	0	0	2	0	0	0	3	600	0	500	1	0	0	0	2003	0	0	0	0	2	5	0	5	50	0	45	0	0	1	2	2	0	0	0	126	0	-1	0	0	0	0	0	0	0	0	0	0	0	0	0	0	-1	0	0	0
105323	0	0	0	12	9732	105320	11	2048	4	105320	0	1000	30001	0	0	0	0	4	0	0	0	0	0	-1	0	0	0	0	0	2	0	0	0	3	5000	0	500	10	0	0	0	5001	0	0	0	0	2	5	0	5	50	0	45	0	0	1	2	2	0	0	0	126	0	-1	0	0	0	0	0	0	0	0	0	0	0	0	0	0	-1	0	0	0
105330	0	102	0	2	529408	0	0	0	0	0	0	0	10001	-1	-1	-1	0	4	20	0	0	1000	1300	105330	0	0	0	0	0	2	26	0	40	4	200	20	0	0	5	0	0	4006	2009	2009	6001	0	1	6	0	0	0	0	0	0	400	1	1	1	0	0	0	126	0	-1	0	0	0	0	0	0	0	0	0	0	0	0	100302	4	1005203	1	2	0
105331	0	0	0	12	0	0	11	2048	8	104910	0	1000	30001	0	0	0	0	4	0	0	0	0	0	-1	0	0	0	0	0	2	30008	0	0	4	200	30	0	0	25	0	0	4006	2009	2009	6001	0	2	6	0	3	50	0	45	0	0	7	0	0	0	0	0	126	0	-1	0	0	0	0	0	0	0	0	0	0	0	0	0	0	1005203	1	2	0
105500	0	102	0	2	4719632	0	0	0	0	0	0	0	10001	-1	-1	-1	0	4	20	0	0	400	700	105500	0	0	0	0	0	2	24	0	0	5	1000	80	0	0	0	0	0	2012	2013	0	6007	0	1	6	0	0	0	0	0	0	200	5	1	1	0	0	0	126	0	-1	0	0	0	0	0	0	0	0	0	0	0	0	100201	13	-1	1	2	
105501	0	0	0	8	0	105500	3	2050	1	105500	0	1000	30001	-1	-1	-1	0	1	0	0	0	0	0	105501	0	0	0	0	0	1	0	0	0	0	0	0	0	0	0	0	0	0	0	0	0	0	1	0	0	0	0	0	0	0	0	1	0	4	105501	1	1	126	0	-1	0	0	0	0	0	0	0	0	0	0	0	0	0	0	-1	1	0	
105505	0	0	0	4	0	0	2	2	3	105501	5	1000	20001	-1	-1	-1	0	1	0	0	0	0	0	105505	0	0	0	0	0	1	0	0	0	0	0	0	0	0	0	0	0	0	0	0	0	0	2	5	0	4	80	0	0	0	0	1	2	2	0	0	0	126	0	-1	0	0	0	0	0	0	0	0	0	0	0	0	0	0	-1	1	0	
105506	0	0	0	4	0	0	2	2	3	105501	5	1000	20001	-1	-1	-1	0	1	0	0	0	0	0	105506	0	0	0	0	0	1	0	0	0	0	0	0	0	0	0	0	0	0	0	0	0	0	2	5	0	4	80	0	0	0	0	1	2	5	105501	1	5	126	0	-1	0	0	0	0	0	0	0	0	0	0	0	0	0	0	-1	1	0	
105510	0	102	0	2	4718608	0	0	0	0	0	0	0	10001	-1	-1	-1	0	2	20	0	0	500	1100	105510	0	0	0	0	0	1	0	0	0	0	0	0	0	0	0	0	0	0	0	0	0	0	1	5	2	1	0	0	0	0	0	1	10	4	105510	1	1	126	0	-1	0	0	0	0	0	0	0	0	0	0	0	0	100105	0	3001	1	0	
105520	0	102	0	2	4718592	0	0	0	0	0	0	0	10001	-1	-1	-1	0	2	20	0	0	500	1100	105520	0	0	0	0	0	1	0	0	0	0	0	0	0	0	0	0	0	0	0	0	0	0	1	5	2	1	0	0	0	0	0	1	4098	14	1	1	1	126	0	-1	0	0	0	0	0	0	0	0	0	0	0	0	100105	0	3001	1	0	
105530	0	102	0	2	4194304	0	0	0	0	0	0	0	10001	-1	-1	-1	0	2	20	0	0	500	1100	105530	0	0	0	0	0	1	0	0	0	0	0	0	0	0	0	0	0	0	0	0	0	0	1	5	2	1	0	0	0	0	0	1	2	2	0	0	0	126	0	-1	0	0	0	0	0	0	0	0	0	0	0	0	100105	0	3001	1	0	
105600	0	102	0	2	4719632	0	0	0	0	0	0	0	10001	-1	-1	-1	0	4	20	0	0	400	700	105600	0	0	0	0	0	2	24	0	0	5	1000	80	0	0	0	0	0	2012	2013	0	6007	0	1	6	0	0	0	0	0	0	200	5	1	1	0	0	0	126	0	-1	0	0	0	0	0	0	0	0	0	0	0	0	100201	13	-1	1	2	
105601	0	0	0	8	0	105600	3	2050	1	105600	0	1000	30001	-1	-1	-1	0	1	0	0	0	0	0	105601	0	0	0	0	0	1	0	0	0	0	0	0	0	0	0	0	0	0	0	0	0	0	1	0	0	0	0	0	0	0	0	1	0	4	105601	1	1	126	0	-1	0	0	0	0	0	0	0	0	0	0	0	0	0	0	-1	1	0	
105605	0	0	0	4	0	0	2	2	3	105601	5	1000	20001	-1	-1	-1	0	1	0	0	0	0	0	105605	0	0	0	0	0	1	0	0	0	0	0	0	0	0	0	0	0	0	0	0	0	0	1	5	0	4	0	0	0	0	0	1	2	4	105630	1	1	126	0	-1	0	0	0	0	0	0	0	0	0	0	0	0	0	0	-1	1	0	
105606	0	0	0	4	0	0	2	2	3	105601	5	1000	20001	-1	-1	-1	0	1	0	0	0	0	0	105606	0	0	0	0	0	1	0	0	0	0	0	0	0	0	0	0	0	0	0	0	0	0	1	5	0	4	0	0	0	0	0	1	2	5	105601	1	5	126	0	-1	0	0	0	0	0	0	0	0	0	0	0	0	0	0	-1	1	0	
105610	0	102	0	2	4718608	0	0	0	0	0	0	0	10002	100805	2500	-1	0	2	20	0	0	300	2500	105610	0	0	0	0	0	1	0	0	0	0	0	0	0	0	0	0	0	0	0	0	0	0	1	5	2	1	0	0	0	0	2500	1	2	2	0	0	0	126	0	-1	0	0	0	0	0	0	0	0	0	0	0	0	100105	0	3001	1	0	
105620	0	102	0	2	4718608	0	0	0	0	0	0	0	10001	-1	-1	-1	0	2	20	0	0	500	1100	105620	0	0	0	0	0	1	0	0	0	0	0	0	0	0	0	0	0	0	0	0	0	0	1	5	2	1	0	0	0	0	0	1	514	4	105620	1	8	126	0	-1	0	0	0	0	0	0	0	0	0	0	0	0	100105	0	3001	1	0	
105630	0	102	0	2	4194320	0	0	0	0	0	0	0	10001	-1	-1	-1	0	1	0	0	0	500	1100	105630	0	0	0	0	0	1	0	0	0	0	0	0	0	0	0	0	0	0	0	0	0	0	1	5	2	1	0	0	0	0	0	1	512	4	105630	1	1	126	0	-1	0	0	0	0	0	0	0	0	0	0	0	0	100105	0	3001	1	0	
105631	0	0	0	2	4194320	105630	1	2	1	105630	0	0	30001	-1	-1	-1	0	1	0	0	0	0	0	105631	0	0	0	0	0	1	0	0	0	0	0	0	0	0	0	0	0	0	0	0	0	0	1	5	2	1	0	0	0	0	0	1	512	4	105631	1	1	126	0	-1	0	0	0	0	0	0	0	0	0	0	0	0	0	0	3001	1	0	
105700	0	102	0	2	4719632	0	0	0	0	0	0	0	10001	-1	-1	-1	0	4	20	0	0	400	700	105700	0	0	0	0	0	2	24	0	0	5	1000	80	0	0	0	0	0	2012	2013	0	6007	0	1	6	0	0	0	0	0	0	200	5	1	1	0	0	0	126	0	-1	0	0	0	0	0	0	0	0	0	0	0	0	100201	13	-1	1	2	
105705	0	0	0	12	0	0	0	2	32	105700	1	1000	30001	-1	-1	-1	0	1	0	0	0	0	0	105705	0	0	0	0	0	1	0	0	0	0	0	0	0	0	0	0	0	0	0	0	0	0	1	5	0	4	80	0	0	0	0	1	2	4	105705	1	1	126	0	-1	0	0	0	0	0	0	0	0	0	0	0	0	0	0	-1	1	0	
105710	0	102	0	2	4718608	0	0	0	0	0	0	0	10002	100805	2000	-1	0	2	20	0	0	300	2000	105710	0	0	0	0	0	1	0	0	0	0	0	0	0	0	0	0	0	0	0	0	0	0	1	5	2	1	0	0	0	0	2000	1	2	2	0	0	0	126	0	-1	0	0	0	0	0	0	0	0	0	0	0	0	100105	0	3001	1	0	
105720	0	102	0	2	4718608	0	0	0	0	0	0	0	10002	100805	1500	-1	0	2	20	0	0	300	1500	105720	0	0	0	0	0	1	0	0	0	0	0	0	0	0	0	0	0	0	0	0	0	0	2	5	2	4	80	0	0	0	1500	1	2	2	0	0	0	126	0	-1	0	0	0	0	0	0	0	0	0	0	0	0	100105	0	3001	1	0	
105730	0	102	0	2	4194320	0	0	0	0	0	0	0	10002	100805	2500	-1	0	1	20	0	0	500	2500	105730	0	0	0	0	0	1	0	0	0	0	0	0	0	0	0	0	0	0	0	0	0	0	2	5	2	8	80	0	0	0	2500	1	4098	14	1	1	1	126	0	-1	0	0	0	0	0	0	0	0	0	0	0	0	100105	0	3001	1	0	
